0 633
0 1862
0 2582
633 1701
633 1866
1862 926
1862 1701
1862 2582
2582 1166
1 2
1 652
1 654
2 1986
2 332
2 1666
2 1454
652 470
1986 45
1986 68
1986 71
1986 151
1986 160
1986 179
1986 201
1986 215
1986 232
1986 335
1986 366
1986 391
1986 460
1986 476
1986 519
1986 566
1986 673
1986 681
1986 743
1986 745
1986 792
1986 899
1986 968
1986 1023
1986 1095
1986 1127
1986 1149
1986 1166
1986 1434
1986 1453
1986 1558
1986 1574
1986 1697
1986 1704
1986 1709
1986 1812
1986 1859
1986 1870
1986 1873
1986 1875
1986 1876
1986 1987
1986 1988
1986 1989
1986 1990
1986 1991
1986 1992
1986 1993
1986 1994
1986 1995
1986 1996
1986 1997
1986 1998
1986 1999
1986 2000
1986 2001
1986 2002
1986 2003
1986 2004
1986 2005
1986 2006
1986 2007
1986 2008
1986 2009
332 2615
332 665
332 2003
332 2122
1666 48
1666 49
1666 606
1666 1662
1666 2381
3 2544
4 2176
4 1016
4 1761
4 1256
4 2175
2176 595
2176 982
2176 1016
2176 1091
2176 1256
2176 1382
2176 2175
1016 561
1016 595
1016 1256
1761 223
1761 1205
1761 1256
1761 1358
1761 1721
1761 2175
1256 595
1256 982
1256 1091
1256 2175
2175 982
5 1629
5 2546
5 1659
1629 1711
1629 1659
2546 466
2546 628
2546 952
6 1416
6 1602
6 1042
6 373
1416 30
1416 61
1416 74
1416 149
1416 305
1416 572
1416 718
1416 1008
1416 1118
1416 1921
1416 1922
1416 1923
1416 1924
1416 1925
1416 1926
1416 1468
1416 1602
1602 95
1602 100
1602 315
1602 1204
1602 2072
1602 2073
1602 2074
1602 2054
1042 74
1042 373
1042 485
1042 624
1042 901
1042 1025
1042 1628
1042 1198
1042 1118
1042 2073
1042 1047
1042 2055
1042 2198
1042 1125
1042 1517
1042 1925
1042 2051
1042 1926
1042 2052
1042 1481
1042 2054
1042 2333
373 1025
7 208
8 281
8 1996
8 269
281 101
281 2247
281 2244
281 1347
281 1000
281 1382
281 746
1996 327
1996 2063
1996 2064
269 321
269 418
269 2543
269 2551
9 2614
9 723
2614 494
2614 723
2614 1599
2614 2442
10 476
10 2545
476 306
476 1140
476 1800
11 1655
11 1839
1655 149
1655 1121
1655 1131
1655 1410
1655 1842
1655 2295
1655 2136
1655 2384
1655 1894
1655 1839
1655 2282
1839 979
1839 1204
1839 2424
1839 2453
12 2661
12 1001
12 1318
12 2662
2661 1318
1001 2662
1318 2662
13 1810
13 1701
1810 27
1810 224
1810 230
1810 351
1810 481
1810 482
1810 511
1810 549
1810 568
1810 576
1810 716
1810 719
1810 790
1810 795
1810 835
1810 962
1810 1004
1810 1062
1810 1095
1810 1107
1810 1121
1810 1299
1810 1331
1810 1348
1810 1576
1810 1581
1810 1787
1810 1808
1810 1809
1810 1811
1810 1812
1810 1813
1810 1814
1810 1815
1810 1816
1810 1817
1810 1818
1810 1819
1810 1820
1810 1821
1810 1822
1810 1823
1810 1869
1701 24
1701 143
1701 157
1701 158
1701 201
1701 205
1701 215
1701 216
1701 226
1701 231
1701 232
1701 235
1701 261
1701 318
1701 335
1701 343
1701 416
1701 467
1701 532
1701 547
1701 563
1701 664
1701 699
1701 729
1701 767
1701 784
1701 869
1701 874
1701 1023
1701 1052
1701 1075
1701 1100
1701 1212
1701 1241
1701 1299
1701 1323
1701 1334
1701 1337
1701 1440
1701 1453
1701 1479
1701 1636
1701 1665
1701 1852
1701 1853
1701 1854
1701 1855
1701 1856
1701 1857
1701 1858
1701 1859
1701 1860
1701 1861
1701 1799
1701 1863
1701 1864
1701 1820
1701 1865
1701 1866
1701 1846
1701 1867
1701 1868
1701 1869
1701 1870
1701 1871
1701 1872
1701 1873
1701 1874
1701 1875
1701 1876
1701 1877
14 2034
14 2075
14 158
14 2077
14 2668
2034 49
2034 86
2034 141
2034 158
2034 224
2034 382
2034 417
2034 617
2034 691
2034 791
2034 841
2034 1002
2034 1026
2034 1270
2034 1273
2034 1319
2034 1336
2034 1448
2034 1497
2034 1614
2034 1654
2034 1665
2034 1807
2034 1812
2034 1889
2034 1891
2034 1894
2034 1929
2034 1968
2034 1983
2034 2035
2034 2036
2034 2037
2034 2038
2034 2039
2034 2040
2034 2041
2034 2042
2034 2130
2075 775
2075 1020
2075 2076
2075 2077
2075 2091
2075 2667
2075 2668
158 180
2077 486
2077 1020
2077 1704
2077 2076
2668 45
2668 486
2668 2667
15 2367
15 1093
15 1090
15 1271
2367 395
2367 765
2367 894
2367 1090
2367 1093
2367 1147
2367 1271
2367 1598
2367 2177
2367 2368
2367 2369
2367 2370
2367 2371
1093 599
1093 1090
1093 1271
1093 1598
1090 640
1090 1271
1090 1147
1090 1598
1271 599
16 2444
16 1632
16 970
16 2642
2444 464
2444 580
2444 1710
2444 1742
2444 2503
1632 364
1632 1756
970 364
970 466
970 1358
970 2365
2642 358
2642 364
2642 1756
17 24
17 2140
17 1316
17 1315
17 927
24 2139
24 1636
24 2141
24 598
24 201
2140 927
2140 1301
2140 1679
2140 2139
1316 927
1316 1301
1316 1679
1315 1301
18 2082
18 139
18 1786
18 1560
18 2145
2082 133
139 103
139 1623
139 660
139 1780
139 910
139 2045
139 306
1786 1564
1786 1624
1560 505
1560 1623
2145 1512
2145 2095
2145 2144
19 1939
1939 1542
20 1072
20 2374
20 2375
20 2269
20 2270
1072 189
1072 236
1072 244
1072 306
1072 342
1072 417
1072 773
1072 945
1072 958
1072 973
1072 1070
1072 1358
1072 1797
1072 1483
1072 1798
1072 1799
1072 1478
1072 1505
1072 1262
1072 1800
1072 1733
1072 1801
1072 1802
1072 1803
1072 1740
1072 1804
1072 1805
1072 1784
1072 1725
2375 371
2375 1404
2375 2270
2269 370
2269 392
2269 1415
2269 1619
2269 1903
2269 2270
2270 128
2270 1354
2270 1414
21 1043
21 2310
1043 2309
2310 1920
22 1703
22 1702
22 2238
22 39
22 1234
1703 463
1703 759
1703 789
1703 963
1703 1234
1703 1365
1703 1417
1703 1702
1703 1967
1703 1906
1703 1968
1703 1969
1703 1970
1703 1971
1703 1966
1703 2238
1702 463
1702 1234
1702 1240
1702 1365
1702 1970
1702 1971
1702 1966
1702 2238
2238 151
2238 152
2238 627
2238 706
2238 1969
2238 2237
2238 2239
2238 2240
39 1634
39 1965
39 1349
39 1532
39 1522
39 2357
1234 1966
23 2159
2159 2157
2159 2160
2139 1636
2139 2141
1636 598
1636 2141
2141 2142
598 48
598 143
598 157
598 165
598 201
598 297
598 316
598 480
598 519
598 521
598 547
598 1003
598 1107
598 766
598 2138
598 1299
598 869
598 1864
598 1821
598 968
598 637
598 1297
598 845
598 1823
598 1301
598 1870
598 1473
598 1573
598 1875
598 1100
598 2707
201 2430
201 570
201 297
25 1344
25 2011
25 1301
25 2317
1344 724
1344 815
1344 1928
1344 2315
2011 88
2011 733
1301 1542
2317 1403
2317 1928
26 2454
26 2455
26 123
26 99
26 122
2454 99
2454 122
2455 99
2455 122
2455 123
123 99
123 2604
99 122
99 2604
27 606
27 2360
27 2578
606 531
606 2230
606 2360
606 2361
2360 2027
2360 2578
28 1687
1687 246
1687 1003
1687 1721
29 963
29 2645
963 43
963 203
963 258
963 375
963 706
963 805
963 1141
963 2399
963 2400
963 1785
963 1417
963 2240
963 2401
963 1157
963 1094
963 1443
963 2434
2645 258
2645 706
2645 1443
30 1358
30 2162
30 697
30 2343
30 738
1358 34
1358 53
1358 59
1358 68
1358 72
1358 73
1358 90
1358 101
1358 111
1358 154
1358 155
1358 156
1358 170
1358 173
1358 174
1358 228
1358 244
1358 246
1358 289
1358 326
1358 333
1358 337
1358 341
1358 346
1358 357
1358 364
1358 466
1358 489
1358 501
1358 524
1358 552
1358 580
1358 609
1358 613
1358 616
1358 626
1358 645
1358 684
1358 686
1358 687
1358 689
1358 708
1358 744
1358 748
1358 754
1358 757
1358 758
1358 764
1358 796
1358 797
1358 819
1358 823
1358 831
1358 853
1358 873
1358 876
1358 882
1358 902
1358 919
1358 929
1358 951
1358 957
1358 978
1358 985
1358 999
1358 1038
1358 1040
1358 1041
1358 1070
1358 1103
1358 1123
1358 1145
1358 1149
1358 1154
1358 1169
1358 1189
1358 1205
1358 1209
1358 1229
1358 1238
1358 1243
1358 1281
1358 1284
1358 1287
1358 1292
1358 1305
1358 1339
1358 1708
1358 1709
1358 1710
1358 1711
1358 1712
1358 1444
1358 1713
1358 1562
1358 1714
1358 1715
1358 1716
1358 1717
1358 1718
1358 1516
1358 1646
1358 1480
1358 1719
1358 1565
1358 1720
1358 1483
1358 1499
1358 1620
1358 1721
1358 1722
1358 1550
1358 1723
1358 1724
1358 1725
1358 1726
1358 1727
1358 1728
1358 1729
1358 1730
1358 1731
1358 1732
1358 1733
1358 1734
1358 1735
1358 1736
1358 1737
1358 1738
1358 1739
1358 1740
1358 1568
1358 1741
1358 1546
1358 1742
1358 1743
1358 1744
1358 1745
1358 1746
1358 1492
1358 1747
1358 1748
1358 1471
1358 1749
1358 1750
1358 1599
1358 1389
1358 1751
1358 1384
1358 1752
1358 1753
1358 1754
1358 1755
1358 1756
1358 1757
1358 1758
1358 1759
1358 1604
1358 1760
1358 1762
1358 1763
1358 1764
1358 1765
1358 1766
1358 2597
2162 61
2162 738
2162 1080
2162 2163
697 1080
2343 2344
738 405
738 1927
738 1080
31 1594
32 1973
32 279
32 518
32 1850
1973 252
1973 490
1973 504
1973 666
1973 779
1973 822
1973 1333
1973 1482
1973 1525
1973 1637
1973 1683
1973 1974
1973 1975
1973 1976
279 242
279 270
279 2280
279 2344
279 1195
279 666
279 2423
279 2165
279 304
279 838
279 502
518 666
518 2423
518 1373
1850 415
1850 666
1850 1013
33 2119
33 911
33 588
33 1051
33 2120
33 286
33 2040
33 2121
33 698
2119 218
911 893
911 2376
911 1534
911 1051
588 442
588 2383
588 698
1051 442
1051 893
1051 2122
1051 2383
2120 442
2120 665
2120 2040
2120 2637
286 442
286 698
2040 2122
2121 2001
2121 2122
698 442
698 1015
35 1296
35 1913
35 895
1296 440
1296 728
1296 895
1296 1910
1296 1911
1296 1912
1296 1913
1913 440
1913 895
895 440
895 1187
36 1146
36 1640
36 1505
36 2106
36 1781
36 2094
36 1552
36 2107
1146 1505
1146 1506
1146 2254
1640 306
1640 350
1505 330
1505 530
1505 773
1505 1624
1505 2086
1505 1699
1505 1801
1505 1788
1505 1552
1505 2107
2106 2094
1781 306
1781 1623
1781 1998
1781 2107
2094 109
2094 441
2094 530
2094 2086
1552 1089
1552 2591
1552 1778
2107 399
37 2427
37 1190
37 60
2427 349
2427 2428
1190 1184
1190 1387
60 55
60 1527
38 429
38 1160
38 862
38 863
429 86
429 196
429 2043
429 1493
429 1807
429 2044
429 1618
429 1889
429 794
429 2001
429 2041
429 1669
429 523
429 705
429 863
1160 401
1160 733
1160 794
1160 863
1160 2268
862 733
863 794
863 1590
1634 82
1634 1050
1634 1349
1634 1461
1634 2393
1965 1964
1349 1320
1349 2684
1532 2648
1522 1697
1522 2680
2357 94
2357 1846
2357 2355
2357 2356
40 507
40 866
40 1364
507 219
507 251
507 253
507 254
507 402
507 1940
507 1931
507 1211
507 1363
507 1941
507 1933
507 1413
507 1176
507 1300
507 812
507 1936
507 2508
866 1049
41 1914
41 644
41 175
41 596
1914 69
1914 175
1914 506
1914 596
1914 604
1914 778
1914 779
1914 830
1914 921
1914 955
1914 1079
1914 1359
1914 1362
1914 1464
1914 1485
1914 1525
1914 1539
1914 1592
1914 1674
1914 1675
1914 1676
1914 1849
1914 1905
1914 1915
1914 1916
1914 1917
1914 1918
1914 1919
1914 1920
1914 2388
644 596
644 711
644 728
644 2177
644 1258
175 2388
175 955
175 596
175 2217
175 2135
596 496
596 992
42 1372
42 87
1372 1362
87 842
87 2164
43 2399
43 2400
43 152
43 1653
43 1530
2399 1443
2399 2240
2399 2434
152 2240
152 884
1653 89
1653 1094
1653 1369
1653 1585
1530 89
1530 1369
1530 2464
1530 2240
44 1582
44 2624
44 2701
2624 2701
45 733
45 2303
45 1219
45 2667
733 94
733 218
733 377
733 383
733 401
733 435
733 678
733 2035
733 1062
733 1265
733 2301
733 2302
733 1329
733 759
733 1817
733 1294
733 1818
733 2303
733 2304
733 2291
733 794
733 1682
733 2268
733 1192
733 2008
2303 2541
1219 78
1219 994
2667 486
2667 1020
2667 2076
46 2366
46 1604
2366 686
2366 1738
1604 902
1604 1284
47 1579
47 163
1579 559
1579 1182
1579 1183
1579 2029
48 2471
48 2205
48 1031
48 2041
48 1662
48 714
48 2206
2471 2493
2205 788
2205 1952
1031 788
1031 1952
2041 788
1662 2381
1662 2398
714 148
714 1385
2206 1951
2206 1952
50 1441
1441 241
1441 265
1441 371
1441 454
1441 540
1441 590
1441 648
1441 720
1441 750
1441 1060
1441 1128
1441 2271
1441 2272
1441 1619
1441 1707
1441 1700
1441 2273
1441 2274
1441 1954
1441 1957
1441 1958
1441 2275
51 710
51 2214
51 2215
51 2213
51 457
51 1392
710 2212
710 2213
710 1392
2214 1201
2214 2216
2215 457
2215 1724
2215 2216
2213 421
457 2216
457 1201
1392 2212
52 1467
52 2172
52 2182
52 1139
52 2053
1467 2172
2172 525
2172 1628
2172 2182
2182 95
2182 239
2182 415
2182 525
2182 858
2182 1139
2182 1285
2182 1515
2182 1838
2182 2072
2182 2131
2182 2133
2182 2180
2182 2231
2182 2232
2182 2198
2182 2233
1139 1628
1139 2054
2053 1628
53 1103
53 1739
1103 72
1103 263
1103 748
1103 796
1103 998
1103 1123
1103 1718
1103 1480
1103 1886
1103 1520
1103 1887
1103 1888
1103 1748
1103 1284
1103 1760
1739 616
1739 1317
1739 1709
1739 1886
1739 1750
1739 2221
1739 1766
54 767
54 401
767 873
767 2314
401 104
401 1065
401 1096
55 210
55 1983
55 787
55 2020
55 1156
55 771
55 815
55 2021
55 323
55 651
55 1079
210 164
210 1905
210 1614
210 1626
210 1906
210 1907
210 1079
210 1671
210 2309
1983 438
1983 897
787 325
787 438
2020 323
1156 65
1156 771
1156 897
771 65
771 1080
815 88
815 2018
815 1174
815 2017
2021 65
2021 239
2021 1628
2021 2418
323 162
323 498
323 2022
651 2023
651 1984
651 885
651 2024
651 1667
651 2156
1079 1218
56 1616
56 412
56 447
56 1849
1616 118
1616 412
1616 447
1616 539
1616 581
1616 1402
1616 2050
1616 1849
412 1849
447 1849
447 2638
1849 1013
1849 1487
57 2418
2418 65
2418 239
2418 572
2418 1293
58 1715
1715 1154
59 1725
59 1627
59 609
59 615
59 1287
59 2651
59 105
59 580
59 1067
1725 557
1725 628
1725 687
1725 1070
1725 1427
1725 1712
1725 2413
1725 2596
1725 1734
1725 1740
1725 1745
1725 2334
1725 2597
1627 1229
1627 1308
1627 1740
609 534
609 2446
609 883
609 1041
609 2447
609 2448
615 2443
1287 481
1287 1164
2651 105
2651 2476
105 1721
105 2476
580 744
580 1742
580 2445
580 1758
580 1765
1067 170
1067 936
1067 1830
1067 2307
1067 2448
1067 1216
1527 88
1527 331
1527 415
1527 860
1527 1668
1527 2450
1527 2274
61 1309
61 2312
61 1080
1309 88
1309 415
1309 490
1309 851
1309 995
1309 1288
1309 1677
1309 2102
1309 2103
1309 1338
1309 1882
1309 1625
1309 1741
1309 2015
1309 2178
2312 1333
1080 149
1080 2344
62 485
485 839
485 2219
63 1322
1322 2265
64 1737
64 1209
64 2616
1737 1169
1737 1209
1737 2616
1737 1888
65 1628
65 2419
65 543
65 619
65 1293
65 239
1628 95
1628 142
1628 525
1628 597
1628 1117
1628 1540
1628 1635
1628 2054
1628 2055
1628 2056
1628 2057
2419 74
2419 497
2419 1848
543 984
619 239
1293 1013
239 1376
239 1274
239 1069
239 1220
239 887
239 1759
239 1909
239 910
66 2631
67 540
67 282
67 2628
540 113
540 2527
540 747
282 747
68 391
391 2365
391 493
69 1013
69 1926
69 1351
69 604
69 1920
69 2189
1013 181
1013 334
1013 471
1013 506
1013 510
1013 530
1013 836
1013 880
1013 908
1013 1840
1013 1841
1013 1842
1013 1843
1013 1521
1013 1403
1013 1844
1013 1729
1013 1845
1013 1583
1013 1120
1013 1625
1013 1644
1013 1846
1013 1675
1013 1847
1013 1848
1013 1464
1013 1851
1013 1661
1013 2045
1926 1920
1926 2051
1926 2052
1926 2189
1351 262
1351 604
1351 907
1351 2134
1351 1592
1351 1362
1351 1972
1351 2282
1351 1535
604 1652
604 2109
1920 2422
1920 2653
2189 454
2189 847
2189 1395
2189 1682
70 441
70 2184
441 129
441 193
441 344
441 440
441 1537
441 671
441 1455
441 2184
441 454
71 206
71 2691
206 2691
73 797
73 449
73 1136
73 558
73 1723
73 1189
73 876
73 1214
73 1745
73 1751
73 1035
797 800
797 1833
797 2359
449 1834
449 1280
449 2581
1136 2359
1136 2554
1136 1189
558 2585
558 876
558 1706
558 1189
1723 565
1723 768
1723 1724
1189 2359
876 834
876 2168
876 2584
1214 337
1214 1199
1214 1716
1214 1499
1214 1745
1745 1486
1745 1589
1745 2596
1751 1426
1751 2596
1035 915
1035 1740
1035 1833
1035 1486
1035 1801
1035 1433
74 586
74 2155
74 544
74 1118
74 1517
74 2052
586 94
586 1224
586 1218
586 2155
2155 280
2155 539
2155 749
2155 993
2155 1118
2155 1131
2155 1143
2155 1152
2155 1203
2155 1224
2155 1535
2155 2153
2155 2293
2155 2294
2155 2295
544 399
544 456
544 2199
544 1769
544 2347
544 2052
544 1580
75 2222
75 2223
75 2224
75 2225
75 84
75 583
2222 284
2222 2224
2222 2225
2223 84
2223 284
2223 2224
2224 84
2224 284
2224 583
2224 2226
2224 2225
2225 284
2225 583
84 284
84 2226
583 284
76 88
76 2018
76 2178
88 2010
88 130
88 1677
88 2012
88 2013
88 1713
88 1658
88 1394
88 1288
88 498
88 696
88 1882
88 851
88 743
88 2014
88 1732
88 162
88 841
88 1494
88 1908
88 1741
88 1174
88 300
88 1847
88 2015
88 2016
88 2017
88 415
88 737
88 2394
88 2178
2018 356
2018 621
2018 851
2018 1658
2018 2019
2178 415
2178 737
2178 1979
2178 2024
77 659
77 1803
659 354
659 1803
1803 354
78 1418
78 1329
1329 994
79 2097
79 603
2097 522
2097 975
2097 2098
603 2045
603 716
603 1248
603 795
603 1821
603 1873
80 257
80 2049
80 1117
257 2180
257 1388
257 964
2049 142
1117 434
1117 2499
81 2180
81 347
81 527
81 423
2180 525
2180 2183
347 525
347 408
347 423
527 423
423 315
423 525
82 1138
1138 2248
1138 2250
83 1520
83 2581
1520 1765
1520 1750
284 2226
85 1065
85 2487
85 2488
1065 104
1065 864
1065 1699
1065 2211
1065 1096
86 1336
86 2295
1336 695
1336 1012
1336 2032
1336 1797
1336 2033
1336 1452
2295 897
2295 1110
842 118
842 161
842 2016
2164 2217
2164 2282
2010 118
2010 161
2010 2016
130 2017
130 1982
1677 191
1677 415
1677 1908
2012 272
2013 471
1713 1696
1713 1898
1394 211
1394 2137
498 356
498 436
498 437
498 1652
696 277
696 571
696 1570
1882 514
1882 516
1882 661
851 415
743 160
743 745
743 1239
743 1570
2014 415
1732 748
1732 1224
1732 1566
162 1667
162 1174
162 1268
1494 436
1494 897
1908 211
1908 415
1908 1178
1908 1474
1908 1529
1741 2593
1174 415
1174 2394
1174 1912
300 415
300 634
1847 415
2015 2071
2016 973
2016 2071
2017 1487
2017 2467
415 204
415 1843
415 593
415 966
415 737
415 818
415 1644
415 525
737 1974
737 1630
737 2136
737 1269
2394 471
2394 504
2394 600
2394 724
2394 1027
2394 1085
2394 1396
2394 1399
2394 1420
2394 1421
2394 2228
2394 2395
2394 2396
2394 2397
89 1087
89 884
89 1401
89 2463
89 1157
89 1094
89 258
89 1585
1087 2434
1401 258
1401 761
1401 1153
1401 1585
2463 340
2463 584
2463 1157
1157 2240
1094 258
1094 1369
1094 1443
258 1240
258 1153
90 817
90 155
90 156
817 155
817 156
817 220
817 221
817 2456
817 1736
817 1763
155 1736
155 1689
155 1763
155 156
156 1689
156 1763
91 2122
91 2001
91 330
91 2380
91 2123
91 1046
2122 196
2122 627
2122 665
2122 2066
2122 2123
2001 503
2001 574
2001 2335
2001 2378
2001 2044
2001 2348
2001 2379
2001 2380
2001 2002
2001 2003
2001 2123
2001 2381
330 2123
2380 2123
2123 2003
1046 2336
1046 2587
1046 2387
1046 1510
92 898
92 1836
898 1835
898 1836
898 2160
93 2151
93 550
93 1495
93 950
2151 1224
2151 2423
1495 437
1495 645
950 437
950 645
94 1966
94 1649
94 2490
94 195
94 2355
94 934
94 2263
94 675
1966 362
1966 443
1966 463
1966 946
1966 1010
1966 1569
1966 1964
1966 1971
2490 2263
195 2424
2355 2356
934 2356
2263 1015
675 2356
95 1535
95 1838
95 2200
95 2201
95 2197
95 2199
95 2181
95 2054
95 861
95 334
95 1303
95 734
95 736
95 2074
95 693
95 456
95 2183
95 1580
1535 280
1535 2293
1535 1916
1838 1204
1838 2219
2200 1580
2200 2199
2201 552
2201 2199
2197 734
2197 736
2197 965
2197 1388
2197 2181
2199 456
2199 680
2199 731
2199 901
2199 1580
2199 2186
2181 142
2181 525
2181 1388
2181 2074
2181 2196
2181 2202
2054 456
2054 525
2054 1540
2054 2133
861 2330
861 2068
861 1397
334 693
1303 746
1303 979
1303 1026
1303 2163
734 408
734 1841
734 2277
734 1006
734 1388
734 964
734 736
734 2056
734 751
734 2202
736 1841
736 1006
736 1631
736 1388
736 964
736 751
736 2202
2074 2277
693 2108
693 763
693 1851
456 142
456 525
456 667
456 2347
456 2472
456 1580
2183 525
1580 1892
96 2217
2217 231
2217 2023
97 661
97 1353
661 344
661 1353
661 1878
661 1028
661 935
661 1879
661 1880
661 830
661 1881
661 807
661 1045
661 1883
661 1884
661 1885
98 1521
2604 127
100 2056
2056 408
2056 1680
2056 1841
2056 2311
2056 2576
101 1589
1589 2596
102 1623
102 109
102 1878
102 1448
102 2256
102 1251
102 1871
102 1561
1623 112
1623 126
1623 133
1623 153
1623 314
1623 350
1623 384
1623 452
1623 459
1623 542
1623 556
1623 581
1623 608
1623 660
1623 719
1623 887
1623 910
1623 980
1623 1144
1623 1251
1623 1561
1623 1767
1623 1768
1623 1769
1623 1770
1623 1771
1623 1772
1623 1773
1623 1774
1623 1775
1623 1776
1623 1777
1623 1778
1623 1779
1623 1780
1623 1782
1623 1783
1623 1784
109 1624
109 2045
109 236
109 306
109 124
109 1769
109 289
109 2092
109 459
109 318
109 2093
109 1772
109 1045
109 1785
109 1337
109 1998
109 1787
109 610
109 1789
109 1779
109 1346
109 153
109 519
109 133
109 1805
109 426
109 563
109 176
109 2095
109 1661
1878 2256
1448 505
1448 1251
1448 2045
1251 306
1251 505
1871 228
1871 417
103 484
103 306
103 608
103 1790
103 1775
484 542
484 2081
484 2046
484 1699
484 1367
484 1775
306 112
306 124
306 126
306 138
306 153
306 236
306 294
306 302
306 2045
306 973
306 608
306 542
306 655
306 1572
306 1770
306 573
306 2084
306 1551
306 1797
306 1656
306 2085
306 958
306 1856
306 1584
306 1771
306 1651
306 2086
306 1009
306 1193
306 2087
306 2046
306 1772
306 1483
306 1798
306 2078
306 1045
306 1490
306 1799
306 1158
306 2088
306 2080
306 329
306 1245
306 2089
306 1705
306 1775
306 1787
306 350
306 887
306 1802
306 417
306 554
306 1779
306 1346
306 581
306 452
306 1804
306 487
306 519
306 308
306 1805
306 1782
306 426
306 656
306 2090
306 2048
306 2091
306 1367
306 719
306 910
608 191
608 2080
1790 695
1790 1609
1775 350
104 2210
104 864
2210 864
1721 228
1721 687
1721 689
1721 2476
2476 524
2476 564
2476 1169
2476 1596
106 2461
107 541
107 1113
107 971
107 1650
541 904
541 647
541 1896
541 1360
541 1022
1113 1650
971 1650
1650 1360
108 2157
108 1647
108 2209
2157 1835
2157 2158
2157 2160
1647 1504
1647 2160
1647 2209
2209 1504
1624 317
1624 384
1624 409
1624 589
1624 887
1624 1196
1624 1785
1624 1705
1624 1787
1624 1777
1624 1788
1624 1778
1624 1779
1624 1780
2045 126
2045 133
2045 153
2045 215
2045 236
2045 308
2045 318
2045 341
2045 519
2045 563
2045 699
2045 1248
2045 1337
2045 1651
2045 1772
2045 1776
2045 1784
2045 1787
2045 1791
2045 1830
2045 1852
2045 1856
2045 2026
2045 2046
2045 2047
2045 2048
236 126
236 138
236 153
236 1572
236 2046
236 2078
236 2079
124 1367
124 1622
124 2478
1769 399
289 1722
459 153
459 1681
318 563
2093 741
2093 831
1772 426
1772 487
1772 1564
1772 1782
1045 1773
1045 1571
1785 317
1785 808
1337 563
1998 191
1998 519
1998 695
1998 1197
1998 2326
1787 2143
610 114
610 234
610 2287
610 2288
610 826
610 2481
1789 426
1789 1015
1789 1618
1789 1773
1779 505
1779 2318
1346 519
1346 1670
519 387
519 416
519 1574
519 1670
519 836
133 1670
133 1777
133 452
133 399
133 1784
1805 426
1805 556
426 1782
426 1777
426 487
176 973
176 231
2095 135
2095 2329
2095 2504
1661 454
1661 1851
110 1262
110 567
110 2279
110 1161
110 1599
1262 189
1262 564
1262 567
1262 1509
567 290
567 536
567 760
567 631
567 1513
2279 565
2279 2466
1599 1199
1599 2460
1599 2441
111 1169
111 2643
111 758
111 2492
111 1762
1169 188
1169 301
1169 439
1169 524
1169 552
1169 628
1169 689
1169 748
1169 823
1169 853
1169 1040
1169 1145
1169 1714
1169 2220
1169 1719
1169 1720
1169 1731
1169 1734
1169 2492
758 2492
758 1762
2492 301
2492 1765
1762 853
112 487
112 2080
487 655
487 2026
487 1773
487 1798
487 2080
487 1705
487 859
487 1782
2080 655
2080 1245
2080 1311
2080 1367
2080 1459
2080 1770
113 747
113 1884
747 1538
1884 249
1884 854
1884 1958
1884 1885
114 2288
114 2506
2288 2287
115 973
973 252
973 277
973 454
973 630
973 671
973 682
973 880
973 935
973 2153
973 2019
973 1583
973 1142
116 1076
116 1501
1501 1074
1501 1399
1501 1487
1501 2395
1501 1676
1501 2228
117 259
117 2537
259 2537
118 388
118 2030
118 446
118 255
118 1343
118 2165
118 554
118 581
118 1690
118 1507
118 2112
118 1029
118 2166
118 1538
118 454
118 1851
388 2497
388 1899
2030 903
2030 2112
446 903
446 1507
255 1343
255 2112
255 1266
1343 836
1343 2316
1343 2165
1343 1645
1343 1507
554 685
581 454
581 1792
1690 2112
1507 989
1507 1645
1507 2436
2112 711
2112 2436
1029 2166
1538 643
1538 1131
1538 1133
1538 1500
1538 1842
1538 2185
454 2188
454 1917
454 2190
454 2022
1851 1224
1851 2485
119 646
119 1959
119 379
119 1549
119 1901
119 1537
1959 132
1959 379
1959 904
1959 2621
379 132
379 1898
379 904
379 1022
1549 1901
1549 2286
1901 645
1901 1954
1901 2284
1901 2286
1537 1455
120 514
120 2405
120 1842
120 483
120 816
514 478
514 1978
514 1314
2405 483
2405 816
2405 1842
2405 1979
2405 1980
2405 2281
1842 816
1842 1203
1842 2281
1842 1979
1842 1980
483 436
483 816
816 436
816 2282
816 1980
121 1910
121 980
121 802
121 1158
121 2251
121 589
121 2252
980 589
980 1367
802 1307
1158 302
1158 589
1158 814
1158 1635
1158 2251
1158 2252
1158 2382
2251 2252
1367 1196
1367 2143
1367 1656
1367 1584
1367 1778
1622 1270
1622 1289
1622 2425
125 458
125 2363
458 193
458 1122
458 1953
458 1555
458 1276
2363 1555
126 1551
126 2079
2079 1802
128 233
128 392
128 370
392 1415
392 1825
392 720
392 1619
370 1408
370 1414
370 1415
129 701
701 735
701 739
701 2062
1982 436
131 2169
131 834
2169 683
2169 1546
2169 1547
2169 2168
834 683
834 2168
132 904
132 1022
132 479
904 647
904 1360
904 1312
1022 1961
1022 1168
1022 1962
1022 1276
1022 1963
479 1880
1670 303
1670 308
1777 2143
452 1258
399 1089
1784 2096
134 406
406 350
406 505
406 2505
135 137
135 2144
137 2144
137 2329
137 2504
2144 2329
2144 2504
2144 2331
136 831
831 741
831 1638
831 1011
831 1733
2329 397
2329 2330
2329 2331
138 1776
1776 337
1776 960
1776 1282
1776 1283
1776 1499
1776 1572
1776 1735
1776 2078
1776 2324
1780 1773
910 887
910 2085
140 582
140 623
582 444
582 2548
582 2549
623 444
623 515
623 584
623 2464
623 2289
141 1002
141 740
1002 622
1002 740
1002 1952
1002 2033
740 2033
142 525
525 408
525 1540
525 2057
143 316
316 766
316 1073
316 920
316 1821
316 2004
316 1297
316 845
316 1868
144 2192
144 1593
144 145
144 213
2192 213
2192 495
2192 537
1593 145
1593 213
1593 537
1593 1165
145 213
145 537
145 1165
145 2622
537 1698
537 1165
146 1927
146 2059
146 897
146 1468
146 1907
1927 305
1927 405
1927 769
1927 1152
1927 1218
1927 1435
1927 1923
1927 1924
1927 1928
1927 1929
1927 1930
2059 405
2059 718
2059 1008
2059 1435
2059 1906
897 1410
897 1907
897 1152
1468 1275
1907 566
1907 673
1907 674
1907 717
1907 1906
147 1976
147 1519
1976 502
1519 1015
1519 1511
1519 2335
1519 2108
1519 1534
1519 2640
148 2518
148 602
148 381
148 378
2518 381
2518 996
2518 1135
2518 1257
2518 2249
2518 2538
602 378
381 2538
149 2025
2025 572
2025 671
2025 1110
2025 1120
2025 1357
2025 1498
2025 1583
2025 2009
2025 2026
2025 2027
2025 2028
150 310
150 1942
150 914
310 1241
310 352
310 990
310 1947
310 1948
310 1815
310 892
310 1949
310 1581
310 1272
310 1944
310 1945
310 1946
310 1950
310 1331
310 875
1942 875
1942 1542
914 875
151 2236
151 2335
2236 805
2236 1969
2236 2237
2335 627
2335 1385
2335 1474
2335 1481
2335 2259
2335 2336
2240 1443
154 2525
154 1444
154 1339
154 1238
154 1568
154 364
154 326
154 1752
154 1753
154 1754
154 819
2525 2220
1444 1307
1444 2323
1339 1753
1568 748
1568 1729
364 263
364 1606
364 1756
364 1306
364 732
364 819
326 1754
1752 1754
819 650
819 1606
1736 1763
157 1870
157 2493
2493 855
2493 2398
180 159
180 2037
180 1807
180 1020
180 2076
180 791
180 2004
180 790
180 775
159 2308
2308 482
2308 531
2308 2559
160 745
160 277
160 2000
160 2009
160 553
745 366
745 553
745 1995
745 1127
745 2009
277 553
277 1869
2000 267
2000 314
2009 553
553 366
553 1995
553 1127
553 1583
1667 438
1268 1929
1268 2309
164 211
211 356
211 1909
165 1473
165 2706
165 2707
1473 2707
1473 2706
2706 169
2706 2707
166 271
166 2617
271 2387
271 1970
271 638
271 2498
167 2437
167 1056
167 168
167 2482
2437 168
2437 2438
1056 2482
168 2438
169 1994
171 790
171 1548
171 775
790 482
790 1548
172 756
172 1692
172 2187
172 240
172 512
756 240
756 256
756 433
756 512
756 2186
756 2187
756 1469
756 1472
756 1692
756 885
1692 240
1692 291
1692 503
1692 512
1692 574
1692 1423
1692 1469
1692 1472
1692 1514
1692 2345
1692 2186
1692 2302
1692 2346
1692 2187
1692 2347
1692 2348
1692 2349
2187 1472
240 1472
240 512
512 1472
173 687
173 1033
173 1586
687 290
687 480
687 565
687 1171
687 1710
687 1033
687 1586
687 1610
687 2359
687 1546
687 2372
1033 2168
1586 2168
174 1742
174 629
174 2334
1742 403
1742 526
1742 533
1742 1007
1742 1154
1742 1427
1742 2443
1742 2307
1742 1749
1742 2445
1742 1758
629 534
629 883
2388 551
2388 728
2388 945
2388 1377
955 1482
2135 190
2135 2282
231 179
231 197
231 387
231 232
231 551
231 1868
177 2679
177 2682
177 1639
177 726
2679 1257
2679 1639
2679 2670
2679 2682
1639 1688
726 2671
726 1533
178 833
833 207
833 345
833 2036
833 2495
833 1641
833 2595
833 1678
833 1130
179 197
197 2412
1807 482
1807 962
1020 218
2076 218
791 2130
2004 1987
181 1464
181 1359
181 1683
1464 262
1464 712
1464 850
1464 1359
1464 1482
1464 1683
1359 2278
1359 2480
1683 2132
182 183
182 997
183 1837
183 997
997 1837
1837 1330
1837 1768
184 520
185 2003
185 297
297 1542
297 899
186 2702
186 1672
186 2580
186 1228
186 1319
186 1536
2702 1536
2580 972
2580 1228
2580 1536
1228 1536
187 1208
188 1727
1727 1714
189 1509
189 564
190 491
191 382
191 2385
191 1791
382 1203
2385 995
2385 1338
2385 2102
2385 2103
2385 2152
2385 2304
1791 1197
1791 1609
192 2472
2472 591
2472 642
2472 667
2472 1017
194 1050
194 1451
194 2646
194 2564
194 473
1050 2563
1050 1569
1050 1230
1050 1081
1050 2564
1050 1380
1050 1342
1050 1320
1451 2564
2564 1379
2564 1380
473 243
473 1575
473 2647
196 442
442 627
442 2362
2412 469
2412 1997
198 1255
1255 2248
199 1869
199 420
1869 203
1869 205
1869 420
1869 465
1869 1097
1869 2309
200 2676
200 1439
2676 1439
2430 570
202 1250
202 353
202 1173
202 1345
1250 328
1250 650
1250 1173
1250 2507
353 2507
353 1173
353 1345
203 857
203 854
203 1115
857 470
857 854
857 1246
857 1097
854 344
854 470
854 935
854 1097
1115 470
1115 593
1115 809
1115 1097
1115 2276
1115 1529
209 2681
2681 361
2681 1390
2681 1449
2681 2683
1614 1671
1906 1964
1671 1929
1671 1968
1671 2136
1671 2137
2309 461
2309 994
2309 1021
2309 1399
356 2116
356 1259
1909 1131
1909 1171
1909 1848
1909 2305
212 1290
1290 1213
1290 2258
214 2194
2194 324
2194 1120
2194 2193
2194 2195
216 1542
1542 219
1542 251
1542 338
1542 402
1542 776
1542 812
1542 872
1542 877
1542 918
1542 990
1542 1176
1542 1177
1542 1300
1542 1334
1542 1340
1542 1413
1542 1477
1542 1940
1542 1931
1542 1941
1542 1607
1542 1935
1542 1943
1542 1936
1542 1577
217 2473
217 2474
217 243
2473 2648
2474 243
243 2647
243 2648
218 482
218 1382
218 792
218 1348
218 781
218 2594
218 2091
482 2230
482 1812
482 1814
482 2307
1382 1502
1382 2283
792 1558
792 2555
792 1488
1348 2163
1348 2605
781 2402
2594 2680
219 1413
1413 251
1413 253
1413 338
1413 402
1413 776
1413 812
1413 872
1413 877
1413 1340
1413 1363
1413 1931
1413 1932
1413 1933
1413 1934
1413 1935
1413 1936
220 913
220 376
376 1583
376 672
222 821
223 1154
223 744
1154 357
1154 744
1154 957
1154 1007
1154 2514
1154 1714
1154 2515
225 2255
227 883
227 534
883 933
534 933
228 322
228 848
848 1373
848 985
229 1894
229 1053
229 1405
229 2118
1894 261
1894 536
1894 770
1894 1049
1894 1149
1894 1215
1894 1405
1894 1479
1894 1508
1894 2117
1894 2118
1053 1405
1405 1508
2118 2117
230 549
230 577
230 1095
230 1217
549 511
549 1497
577 394
577 1518
577 870
577 906
577 2351
577 2352
577 2353
577 2354
577 849
577 1063
577 1129
1095 298
1095 1325
1095 2613
1217 396
387 2191
232 869
232 1864
1868 766
869 1440
869 1864
234 2591
1572 836
2046 2048
2078 836
237 2539
2539 2242
2539 2540
2539 2632
238 1828
1828 1408
1828 1409
1828 1827
1376 1848
1376 2232
1759 493
1759 569
242 1131
242 2280
242 838
1131 436
1131 490
1131 510
1131 836
1131 838
1131 1121
1131 1224
1131 2280
1131 1500
1131 2281
1131 1930
1131 1215
1131 1133
1131 2185
1131 2282
1131 2283
2280 270
2280 838
838 270
838 868
2647 1686
244 565
244 1610
565 427
565 513
565 526
565 1398
565 1361
565 1610
565 1528
565 1038
1610 312
1610 2556
1610 2557
1610 2558
245 782
245 1162
1162 1510
246 936
246 2515
936 2530
936 2515
936 2641
2515 2514
2515 2530
247 2583
248 1964
248 1264
248 1531
1964 463
1264 443
1264 1531
1531 443
1531 1889
249 1978
249 621
1978 436
1978 478
1978 621
621 1332
250 2429
251 1300
251 1933
251 253
251 812
1300 812
1300 877
1300 2508
1300 1941
1300 1940
1300 1933
252 711
252 2485
711 414
711 496
711 539
711 2111
711 1285
711 2113
2485 1370
2485 1592
2485 1792
2485 2050
254 1211
1266 1984
1266 1529
1388 964
964 965
964 2198
1240 706
1240 789
1240 2237
1240 1443
260 365
365 2469
261 873
261 1479
873 2313
873 1479
873 1708
263 732
732 296
732 1756
732 2685
264 1902
264 1826
264 472
264 844
1902 448
1902 793
1902 844
1902 1360
1902 1478
1902 1829
1902 1899
1902 1903
1902 1904
1826 448
1826 645
1826 1408
1826 1409
1826 1824
1826 1827
1826 1829
472 448
472 1825
472 559
472 844
472 1183
472 1182
472 2029
266 578
266 2227
266 2229
266 809
578 1879
578 1974
578 1105
2227 634
2227 1269
2227 1399
2227 1630
2227 2228
2229 601
2229 809
809 548
809 2228
267 670
267 2373
670 2606
268 1740
268 2451
1740 312
1740 657
1740 915
1740 2389
1740 2390
1740 2391
1740 2392
1740 1804
2451 367
2451 752
2451 1757
2451 1801
2451 1804
2451 2389
2451 2390
2451 2391
2451 2392
2451 2452
321 1450
321 1083
2543 1000
2543 2247
270 1195
270 1215
1195 868
1195 1058
1215 1203
2387 299
2387 638
2387 1406
2387 1510
638 783
638 1773
638 893
638 808
638 924
2498 299
2498 1484
273 374
273 846
374 2146
374 2149
374 413
374 846
374 2147
374 1101
846 2146
274 749
274 748
749 1333
748 1617
748 1550
748 1374
748 1145
748 2553
275 1967
275 805
805 706
276 1463
276 1695
276 2133
1463 490
1463 555
1463 2131
1463 2132
1463 1695
1463 2133
1695 2133
2133 434
2133 2131
278 1185
1185 1992
1185 2358
1185 2589
1185 2590
1185 2349
1185 1460
2344 2475
2423 304
304 1857
304 1172
502 285
2247 972
2247 1086
2247 1325
2247 2246
2247 2509
2244 2243
1347 1997
1000 972
1000 1325
746 2006
283 2250
283 1559
2250 348
2250 1260
1559 1260
285 1999
1999 818
1999 827
287 2705
288 618
618 938
1722 312
290 2359
290 1765
290 328
2359 480
2359 1171
2359 1175
2359 1433
2359 1834
2359 2372
1765 501
1765 823
1765 825
1765 1040
1765 1492
1765 1562
1765 1711
1765 1719
1765 1720
1765 1744
1765 1750
1765 1755
328 951
292 2562
2562 1036
293 2038
294 2047
295 1177
295 1176
1177 877
1177 1935
1176 877
1176 1935
296 2685
2685 1718
2685 2452
899 1858
899 1055
298 1325
298 607
1325 327
1325 2063
607 1213
607 1664
299 2383
299 1484
299 2386
2383 808
2383 814
2383 893
2383 924
2383 1484
2383 1635
2383 2382
1484 2520
2386 885
2386 1082
302 719
302 350
302 1253
719 303
350 308
350 2084
350 2085
350 2089
350 1778
350 1782
350 656
350 2090
1253 308
303 2143
1857 1708
1172 467
542 1245
1770 1245
573 505
573 643
573 1313
573 2407
2084 409
1797 1012
1797 2088
1656 1798
2085 1490
2085 2089
958 1798
1856 1335
1856 2096
1584 1798
1771 1778
1651 1248
2086 1089
1009 2096
1193 1705
2087 1335
1483 359
1483 389
1483 562
1483 704
1483 742
1483 754
1483 905
1483 969
1483 1077
1483 1249
1483 1282
1483 1412
1483 2208
1483 1620
1483 1726
1483 1735
1483 1743
1483 2113
1483 2083
1798 329
1798 1782
1490 2327
1799 1465
329 2598
1245 1144
1705 1289
1705 2081
1705 2322
417 2494
1804 1546
1782 2326
656 2090
2090 1335
307 991
309 2305
309 2268
309 383
2305 453
2305 1278
2305 1818
2305 2306
2268 383
2268 1278
2268 2291
383 1704
1241 1950
352 1944
352 1294
990 1054
1947 1272
1947 1945
1947 1950
1948 1819
1948 1950
1815 1950
892 1950
1949 1221
1581 1819
1272 1945
1272 1950
1944 336
1944 1945
1944 1946
1944 1950
1945 875
1945 1946
1946 1950
1950 336
1950 875
1950 1054
1950 1334
1950 1432
1950 1605
1331 1576
311 343
311 690
311 1132
311 1865
1865 1147
313 2296
2296 1134
2296 2230
315 1921
315 408
315 2232
1921 827
408 1841
766 1297
766 845
1073 985
1073 2163
920 1893
1821 716
319 1205
320 1597
320 348
1597 432
348 2248
348 1643
1450 1083
1450 1225
1083 2114
1083 1232
2022 2190
324 827
324 2156
827 1039
2156 1224
2156 2024
325 1848
1848 1224
1848 1652
327 928
327 2063
327 2064
928 2063
928 1326
2063 1326
331 2480
2480 712
2615 2696
665 397
665 576
333 1694
337 1499
338 1934
339 813
813 2376
340 584
584 2289
584 2464
341 613
341 1546
341 1389
1389 2597
342 1512
1512 945
1512 2023
344 2323
344 389
389 359
389 704
389 2450
389 1743
389 1077
389 905
346 999
2248 428
2248 837
2248 856
2248 996
2248 1071
2248 1135
2248 1257
2248 1366
2248 1461
2248 1545
2248 2249
349 465
349 419
465 1403
465 896
465 2304
1778 2327
2507 2221
354 2453
355 1668
2116 1218
1259 2342
357 657
357 2652
657 513
657 1254
657 1229
657 2440
657 2522
657 2442
657 867
657 871
657 2523
657 1729
2652 871
2652 2439
359 1620
1620 742
1620 905
1620 2450
360 1824
360 1409
1824 448
1824 645
1824 1183
1824 1267
1824 1470
1824 1825
1409 1553
1409 1827
363 1003
1003 2607
1003 1373
1606 764
1756 650
1306 1317
2469 1475
366 1583
1583 1120
1583 1127
1583 1224
1583 1995
367 2083
2083 505
2083 650
2083 752
2083 957
2083 1550
2083 1557
2083 1685
2083 2168
368 1545
368 428
368 996
368 1366
368 1194
368 2249
368 2393
428 2671
428 1257
428 996
996 1257
996 1135
1366 1194
1194 2670
2249 1257
2249 2130
2249 2671
369 385
369 2484
385 2483
385 2484
2484 2483
1408 1829
1408 1553
1414 371
1414 1415
1415 371
371 1553
371 1354
371 720
1553 1827
1354 400
1354 1183
372 1834
372 1710
372 2377
372 626
1834 800
1834 1833
1710 480
626 2556
626 2558
2146 509
2146 1101
2146 1242
2146 2147
2146 2148
2147 455
2147 658
2147 1664
2147 2486
1101 509
1101 2148
1101 1242
375 2401
375 2434
375 2435
2401 2434
2401 2435
672 2456
377 1265
377 678
377 2291
1265 2291
2291 481
2291 715
2291 1682
2291 2233
2291 2292
1898 645
1898 755
380 930
380 2569
380 477
930 477
930 2569
2569 477
2538 450
2538 492
2538 1257
1203 424
1203 461
1203 1410
1704 1912
386 2114
386 2115
386 2117
2114 2588
2114 2509
2114 2519
2115 2117
2115 2519
2117 770
2117 1508
2117 1846
2117 1867
2497 703
2497 1578
1899 645
1899 2491
1899 2510
704 562
704 969
704 2450
704 1743
704 1412
704 2113
2450 562
2450 754
2450 969
2450 1077
2450 1284
2450 1412
2450 1743
2450 2113
1743 742
1743 969
1743 1412
1743 2113
1077 2113
905 1282
390 1108
2365 616
2365 998
2365 1565
2365 1709
2365 1738
493 1244
1825 1183
393 739
739 735
739 1958
739 1881
739 1543
739 1237
394 1063
394 2351
394 849
394 1064
1063 1518
2351 849
2351 906
2351 1064
2351 1129
849 1993
1064 2352
395 640
395 1147
640 2420
640 894
640 765
640 1598
1147 765
1147 2371
1147 1598
396 1988
397 879
397 1096
879 1558
1096 411
1096 1633
398 730
398 2177
2177 2371
1089 1088
402 776
402 1940
402 1932
402 1936
1932 1936
403 464
403 2503
403 1037
403 2654
403 806
403 1383
464 2445
464 1758
2503 616
2503 1038
2503 1216
2503 2445
1037 2654
1037 2447
2654 2655
806 1383
404 1476
404 1170
1476 1170
405 1275
505 1180
505 1304
505 1258
505 843
407 1681
407 1682
407 695
407 409
1681 409
1681 695
1681 948
1681 1012
1681 2318
1681 2319
1681 2320
1682 695
1682 948
1682 1012
1682 2321
1682 2319
1682 2320
695 2319
695 1012
695 948
410 1179
410 676
1179 1955
676 1955
676 2235
411 1488
411 1577
411 2609
1488 1465
1488 2601
1577 1054
1577 1055
1577 1099
1577 1221
1577 1334
2609 2601
593 1474
2494 2495
421 2216
2216 708
2216 1724
2216 2212
422 545
424 436
436 433
436 1977
436 878
436 1979
436 1039
436 1332
436 885
436 668
436 1980
436 1981
425 2466
2466 533
2466 1007
2466 1758
427 1528
1528 513
1528 1361
1528 1398
2671 1071
2671 1109
2671 1135
2671 1206
2671 1257
2671 1533
2671 1688
2671 2672
2671 2673
2671 2674
2671 2675
1257 492
1257 688
1257 1071
1257 1135
1257 1206
1257 2677
1257 2678
1257 2673
2043 2406
1618 1015
1618 1143
1618 1425
1889 1890
1889 1891
1889 1892
1889 1893
1889 2130
1889 2039
794 1590
1669 1481
1669 2332
1669 1892
523 949
523 2406
705 617
430 2130
2130 691
2130 912
2130 983
2130 1261
2130 1890
2130 1891
2130 2127
431 2694
431 2695
2694 2695
432 1442
1442 2462
434 1524
434 1693
434 2408
1524 1693
1524 2499
1693 965
1693 1391
1693 2408
435 1912
435 486
1912 995
1912 1338
1912 1609
1912 2404
1912 2102
1912 2103
1977 1526
878 2326
878 885
1979 1980
1039 885
1332 2024
885 2024
1981 490
1981 1526
437 1985
437 718
1985 438
718 438
718 2261
438 1984
1984 1178
1984 1529
439 1642
1642 2657
1642 2658
440 2179
440 725
725 1652
725 2071
725 1104
725 1137
671 451
443 1010
444 488
444 515
444 2289
444 2290
444 2464
444 828
488 2547
515 2464
515 2547
515 2465
515 1102
2289 2464
2290 1102
2290 1207
2290 2464
2290 2496
2464 828
2464 1102
2464 1207
2464 1795
2464 2465
828 1795
445 1434
445 909
903 2031
1280 2612
450 1569
451 935
451 2285
935 1873
2285 989
2285 2284
2285 2286
453 1806
453 2306
1806 962
1806 1809
2306 1278
2306 1818
2306 2552
1917 2457
455 2486
455 1664
2486 1684
1664 785
667 2364
1201 2533
1953 1470
1953 1555
1555 1470
1276 1962
460 1989
460 2532
462 1048
1758 860
2304 469
466 1738
466 1305
1738 1709
467 1708
1708 2313
1708 2314
468 647
468 1311
468 1313
647 1267
647 1360
1311 1312
1311 1313
1313 1312
1313 2407
469 620
620 2534
620 923
470 1097
559 1182
1183 1182
2029 1543
474 1181
475 2219
1800 852
478 2024
1880 753
1880 1269
480 2372
480 1426
1426 760
481 823
823 2221
2230 938
1812 2550
839 2277
839 965
2026 2096
859 762
859 2096
859 1030
859 1199
489 2390
489 2391
2390 1041
2390 2391
490 2105
490 1879
490 826
490 2099
2105 517
1879 1526
826 2287
826 2528
2099 868
2099 1526
2099 2425
492 956
492 1533
492 688
492 2678
492 2673
956 2677
1533 1109
2678 1135
495 1328
495 1327
1328 1327
1328 2160
1327 2161
496 992
1652 1972
499 2457
499 2458
2457 2458
2457 2649
500 2241
2241 1191
2241 1503
2241 1957
2241 2207
2241 2242
503 576
576 574
576 2348
504 2396
2396 1420
1180 937
1180 1304
1304 937
843 548
843 2339
843 2542
506 1918
506 1352
1941 1334
1941 2508
508 2325
2325 1768
2325 1991
509 2148
2148 1242
510 1171
1171 649
1171 681
1171 1092
1171 1855
1171 1355
1171 1295
1314 890
1314 1269
2465 1102
1102 1207
516 2104
517 952
1574 1066
836 708
836 2403
524 979
524 552
979 2207
979 1503
979 1957
526 1216
526 1007
1216 2446
528 803
803 2100
529 1419
529 1417
529 2260
1419 2259
1419 2260
1417 2350
1417 1529
1417 1452
1417 2260
532 1863
933 1038
535 2641
535 2392
1698 2160
538 1286
1896 709
1896 793
1896 1897
1360 1960
1360 1904
1360 2491
984 1068
984 2265
546 1608
546 2127
1608 2124
1608 2126
1608 2489
2127 1119
2127 2124
548 2138
548 1937
548 1523
2138 944
1937 1938
1523 2449
2585 1706
560 2526
560 774
2526 585
562 1735
1735 969
1735 1282
1735 1412
1735 2324
760 2459
760 1513
760 2460
760 985
631 2358
1513 1830
568 1116
568 1223
1116 1223
569 2512
571 1570
643 1167
643 2407
575 2283
1518 1129
870 1119
870 2126
906 2353
2352 1129
2353 1129
579 1808
579 994
579 1134
1808 962
1134 835
1224 682
1224 778
1224 779
1224 1110
1224 1222
1224 1525
1224 1341
1224 1660
1224 2152
1224 2153
1224 1587
1224 2154
1224 1370
1224 1919
1224 1291
1224 1526
1224 1975
587 1032
590 1954
1954 1128
1954 1955
1954 1956
1954 1957
1954 1958
1954 2275
591 1423
591 1017
591 1078
591 642
1017 1475
592 2669
1474 2261
594 2195
594 663
2195 663
2195 1333
597 1104
1104 2264
1107 605
1107 2243
1107 2379
968 1603
637 1641
1823 1126
1573 2698
716 2409
795 1645
1873 1820
2109 1085
2109 1396
2109 1421
2109 1975
2109 2110
605 2534
2534 729
2534 1159
2534 2535
1213 1084
2446 1427
2446 1712
2446 1716
2446 1749
2446 2447
2446 2448
1041 1243
1041 1466
1041 2448
2448 762
2481 840
611 2690
612 2235
2235 1955
614 1475
614 2470
614 888
1475 888
1475 2470
888 1556
938 2027
622 1951
622 1952
622 886
1951 1952
1951 2204
1952 788
1952 942
1952 1654
1952 2204
886 1400
624 1232
625 1024
2556 1249
2558 1249
628 1764
2358 1460
2358 1469
2358 2349
632 1430
1430 1718
635 2058
2058 1378
2058 2150
636 2233
1641 2495
783 1061
783 2376
783 893
783 1143
893 814
808 924
639 900
900 811
894 1845
641 2704
1167 1070
728 2553
728 1070
645 1267
645 1900
645 1895
645 891
1900 2608
1895 1566
891 2608
891 1674
649 1457
1457 1019
1457 1456
650 1486
650 1557
650 1685
1557 957
1557 2168
1685 957
653 1231
1254 1229
1254 1308
1229 867
1229 871
1229 1155
1229 2439
1229 2440
1229 2441
1229 1308
1229 1506
1229 2442
1229 1749
1229 1384
2440 867
2440 2530
2522 867
2522 2656
2442 867
2442 2530
867 2439
867 1252
867 871
867 2523
871 2530
1729 1625
830 2100
1881 735
1881 1543
1881 1958
807 1955
807 1226
807 1956
1885 2644
662 932
2364 2051
2364 2266
669 729
669 1086
669 1124
729 1221
729 1159
1086 2579
1086 1124
1124 1075
2356 2211
1955 1168
1955 1226
1955 1956
677 954
954 1112
679 1395
1395 948
1395 2072
1395 2266
1395 2267
681 1445
681 1446
1445 1446
684 1282
1282 741
1282 1283
1282 2324
689 1317
689 1292
1317 796
1317 1040
1317 1148
1317 1292
1317 2220
1317 1719
1317 1720
1317 2221
692 2629
763 707
763 1635
694 1478
694 2516
2516 801
2516 2517
1015 1385
1015 1068
1015 1425
1015 2262
1015 1788
1015 1452
1015 1143
1015 1481
699 2327
2327 2328
700 1691
735 1958
735 2060
735 2061
735 2062
735 1237
735 1543
702 777
702 993
702 1637
702 2101
702 1368
702 822
702 779
702 2069
702 2070
2101 2100
1368 2553
1368 1911
779 778
779 1370
779 1592
779 1919
2069 1377
2069 2070
2070 1377
703 1961
703 801
1961 801
801 1470
708 2212
709 1903
1903 793
1903 840
1903 1897
1903 1960
1903 2592
712 850
850 2278
713 1044
2409 1057
721 1034
722 1273
722 1874
722 2500
722 1567
722 2501
1273 1111
1273 1119
1273 2126
1273 2125
1273 2129
1273 2124
1874 1106
1874 1567
1874 2500
1874 2501
2500 1567
1567 1654
2501 1092
2501 1106
2501 1321
724 2395
2395 1396
2395 2228
2071 755
2071 1435
2071 1566
2071 1592
2071 1840
727 1386
727 2570
1386 2570
1386 2571
2570 1151
2570 2572
2570 2573
2553 1470
2553 1911
1070 1829
1070 1470
1221 981
1221 1607
1159 981
731 901
731 1279
731 2203
901 2186
901 2073
901 1279
1279 2203
1279 2186
2203 1801
2203 2511
2203 2330
2035 1324
1062 962
1062 1192
2301 2008
1192 1621
1006 1302
751 1204
751 2198
751 2202
1958 1237
1631 2196
1630 1269
2136 1121
1269 753
1269 890
1269 1227
2033 788
741 1011
741 1088
1239 2611
1239 2027
2006 2477
1204 1330
2198 2055
752 957
957 1757
957 2167
755 1277
1469 2349
1469 1498
1469 2346
1469 2590
757 2421
757 1284
1284 902
1284 998
2459 2689
985 1149
761 1443
1443 1350
764 796
764 1612
768 1566
768 1724
1566 1199
772 908
778 1370
778 1919
1370 1525
1370 2274
1370 1919
1370 1975
1919 1402
780 2341
2402 2403
1061 1196
1061 2376
2376 1143
2376 1202
2376 1428
1143 2262
784 960
960 2650
786 947
1558 1014
1558 1191
1558 2338
1558 2339
1558 2340
2555 961
2555 1728
2555 2338
2555 2599
793 2592
1645 989
800 889
800 820
798 1381
798 1793
798 1794
798 1795
1381 1794
1794 1796
1794 1795
1795 1796
1795 2299
799 961
961 1728
961 2599
889 820
889 1830
889 1831
889 1832
1307 804
1307 922
1307 2536
2100 1184
1226 2528
1226 1956
2228 1396
810 1068
811 855
814 2382
2221 1148
2221 2220
824 1831
829 1816
832 2600
2495 1130
1678 1746
2168 1726
835 1121
835 1654
1121 1410
837 1422
837 2670
868 988
868 1341
868 2276
868 1844
868 1526
2339 1191
2339 2340
847 2422
856 1390
858 2502
2096 937
1199 881
1199 1716
860 1427
2068 1330
2068 1377
865 2653
1049 2610
1049 1432
2439 2530
1252 2656
1341 2425
2276 1844
1526 2425
1119 1111
1119 2124
1119 2128
1119 2125
1119 1663
1119 1235
1119 1462
1119 2129
1119 2126
1119 1697
2126 1111
2126 1235
2126 2124
2126 2125
872 1340
1340 1943
877 1935
2326 1142
881 1155
1400 2698
2608 1674
1187 1188
1152 2416
1835 2160
2160 2161
2031 2436
907 1916
1534 1082
1534 1428
1534 1429
915 2597
915 2415
2597 1734
2597 2415
2415 2413
916 1026
1026 2531
917 2639
918 2065
918 1098
2065 2066
2065 2067
1098 2066
1098 2067
1098 1477
921 2134
921 2293
922 1406
925 1222
929 2627
931 1433
939 2173
2173 2174
940 1829
941 2517
942 1924
943 1196
1196 2300
945 1911
946 2623
953 2565
953 2566
953 2567
2565 2566
2565 2567
1482 1402
1482 2132
959 2529
1728 2257
1728 2599
962 1665
962 1809
1665 1615
1141 2294
967 2659
972 2579
2579 1225
974 1496
976 998
976 1431
998 978
998 1431
977 1281
1281 1746
1281 1748
2207 1200
1503 1502
1503 2243
1957 1355
1957 2630
982 1458
982 1091
2265 1324
986 2697
987 1175
989 2436
1054 1099
1054 1605
1054 1432
1135 1071
1004 1489
1005 1541
1008 1922
1008 2575
1840 1377
1120 1110
1846 1867
1675 1074
1675 1676
1481 2332
1018 2378
1962 1963
1023 2568
1243 1150
1047 2333
1047 1588
2055 1588
1125 2332
1925 2620
2333 1588
2336 1202
2336 1428
2336 2524
1510 1202
1432 2663
2563 1081
1230 1342
1380 1379
1320 1491
1320 2684
1099 1607
1605 2663
1059 1600
2163 1502
1074 1676
1676 1975
1085 1421
1085 2110
1421 1396
1421 1420
1421 1975
1421 2110
2110 1975
1092 1106
2066 1477
2067 1477
1887 1888
2243 2245
2243 2246
2379 2002
1109 2674
1109 2675
2674 2675
1111 2129
1111 2125
2129 2128
2125 2124
1114 1717
1114 2560
1717 2560
1717 1731
2560 2561
1529 1178
1529 2350
2124 1611
1663 1462
1663 2577
1235 1462
1235 2577
1462 1611
1697 2253
1128 2275
1500 1133
1500 2185
1133 2185
2554 2689
1148 2220
1148 1747
1151 2700
2416 2417
1163 1402
1163 2132
1402 1972
1731 1711
1731 1755
1295 1987
1178 2350
2590 1498
2349 1460
2349 1498
2349 2346
1186 2535
1186 2574
1621 1424
1200 1502
1200 2414
2414 2413
1202 1428
1202 2524
1428 1429
1428 2520
1428 2524
1210 1648
1660 1291
1660 2154
1587 2154
2154 1291
1233 2433
1236 2479
1247 1679
1263 1407
2612 1516
1283 2324
1987 2509
1298 2703
1310 2692
2425 2426
1928 1447
1928 2475
1356 1613
1357 2170
2170 2171
1711 1730
1646 1471
1750 1601
1750 1766
1960 1904
1960 2491
1365 2509
1365 2519
2509 2519
1371 1393
1375 2586
1378 2150
1378 1544
2137 1487
2266 2267
2266 2321
1396 1399
1411 2218
2218 1459
2259 1436
2259 2337
1424 1813
1429 2520
1437 1688
1438 2664
1515 2234
1554 1657
1554 2687
1554 2686
1554 2688
1657 2686
1657 2688
2687 2688
1563 2633
1591 2541
1595 2246
2246 2245
1767 1783
1673 2660
1680 2576
2576 2311
1684 2513
1877 2573
1796 2297
2299 2297
2297 2298
1811 1822
2039 2042
1915 2649
2204 2521
2630 2699
2467 2468
2231 2292
2368 2370
2369 2370
2410 2411
2431 2432
2602 2603
2618 2619
2625 2626
2634 2635
2634 2636
2636 2693
2665 2666
