0 628
1 158
1 2919
1 2933
1 1097
1 486
158 1097
158 2919
2919 1097
2919 1358
2919 1575
2919 1587
2919 2404
2919 2478
2933 1097
1097 12
1097 138
1097 150
1097 221
1097 468
1097 486
1097 559
1097 1875
1097 2648
1097 1467
1097 1879
1097 1894
1097 1625
1097 2427
1097 1429
486 509
486 2891
486 2356
486 1115
486 1202
486 1570
486 3228
486 1362
2 3285
3 3219
3 1431
3219 1237
1431 64
1431 1237
4 467
5 648
648 525
648 2647
648 2574
648 1143
648 2575
648 651
6 1501
7 2137
7 1833
2137 108
1833 108
8 178
8 1033
178 1033
1033 383
1033 411
1033 989
1033 1426
1033 2819
1033 1234
1033 2112
9 1007
1007 1208
10 2622
10 1670
2622 131
2622 268
2622 395
2622 468
2622 755
2622 1251
2622 1422
2622 1591
2622 1633
2622 1759
2622 2162
2622 2230
2622 2782
2622 2830
1670 1665
1670 3256
11 2034
12 2487
12 1622
12 794
12 966
12 113
12 557
12 677
12 1357
12 2474
12 839
12 1760
2487 138
2487 150
2487 839
2487 2488
2487 2489
1622 150
1622 224
794 1041
794 1357
966 150
966 725
113 1875
113 150
113 1533
557 150
557 725
557 1883
557 1922
677 150
677 2443
677 2506
677 1275
677 2199
677 985
1357 150
1357 839
1357 1041
2474 150
2474 1642
2474 2033
1760 150
1760 1696
1760 3114
13 1894
13 2711
13 1493
13 1871
13 1167
1894 1105
1894 1167
1894 1493
1894 2648
1894 2710
1894 2711
1894 2052
1894 2584
2711 394
2711 1167
2711 1333
2711 1986
1493 1023
1493 1167
1493 2712
1493 2187
1871 2478
1167 1105
1167 1901
14 1248
14 146
1248 146
15 2521
16 2415
16 314
16 2416
16 616
16 1013
16 2417
16 2418
16 2166
16 1422
16 2597
16 1567
16 622
16 1605
16 1708
2415 616
2415 1605
2415 2597
314 912
314 2596
314 2166
314 1422
314 2597
314 1567
314 1943
314 622
314 1605
314 2637
314 373
314 1708
2416 373
2416 622
2416 912
2416 962
2416 1567
2416 1605
2416 1708
2416 1943
2416 2166
2416 2490
2416 2597
616 373
616 2596
616 2166
616 755
616 1422
616 2597
616 2862
616 1567
616 931
616 1943
616 622
616 1605
616 1708
1013 559
1013 622
1013 755
1013 2166
1013 1422
1013 2597
1013 1567
1013 1943
1013 1605
2417 691
2417 2597
2417 2637
2418 622
2418 962
2418 1567
2418 1605
2418 1708
2418 1943
2418 2166
2418 2597
2418 2490
2166 691
2166 965
2166 968
2166 1117
2166 2204
2166 2637
1422 27
1422 29
1422 30
1422 51
1422 59
1422 137
1422 181
1422 220
1422 246
1422 289
1422 303
1422 453
1422 492
1422 495
1422 527
1422 528
1422 549
1422 585
1422 586
1422 633
1422 775
1422 799
1422 807
1422 835
1422 887
1422 941
1422 962
1422 965
1422 968
1422 978
1422 1009
1422 1015
1422 1034
1422 1071
1422 1117
1422 1157
1422 1219
1422 1238
1422 1251
1422 1273
1422 1343
1422 1414
1422 2820
1422 2821
1422 2396
1422 1470
1422 2234
1422 2649
1422 1590
1422 2822
1422 2047
1422 2823
1422 2585
1422 2490
1422 2824
1422 1834
1422 2825
1422 2668
1422 2115
1422 2139
1422 2663
1422 1607
1422 2664
1422 1644
1422 2116
1422 2826
1422 2444
1422 2650
1422 2827
1422 1663
1422 2475
1422 2681
1422 1630
1422 2230
1422 2783
1422 2784
1422 2435
1422 2828
1422 2398
1422 1724
1422 2257
1422 2829
1422 2053
1422 2254
1422 2830
1422 1582
1422 2244
1422 2021
1422 2181
1422 2023
1422 2651
1422 2064
1422 2785
1422 1658
2597 340
2597 622
2597 691
2597 931
2597 2481
2597 2596
2597 2625
1567 691
1567 886
1567 965
1567 968
1567 1117
1567 2204
1567 2655
1567 2182
1567 2925
1567 2637
1567 1708
622 2596
622 2925
622 1943
622 912
622 2637
622 1708
622 1117
622 1605
1605 373
1605 850
1605 912
1605 968
1605 1117
1605 2925
1605 1943
1605 2637
1605 1708
1708 373
1708 912
1708 1117
1708 2596
1708 2925
1708 1943
1708 2637
17 879
17 2150
879 582
18 812
18 582
18 778
812 2963
812 1789
812 1437
582 84
582 92
582 130
582 215
582 234
582 379
582 405
582 489
582 547
582 563
582 2391
582 2447
582 3216
582 3217
582 1516
582 676
582 2840
582 1410
582 2134
582 1753
582 2920
582 587
582 2100
582 647
582 2258
582 1004
582 2921
582 1921
582 2249
582 1693
582 1387
582 1525
582 2950
582 2973
582 1660
582 2179
582 3099
582 1967
582 1200
582 1002
582 3148
582 3218
582 1170
582 637
582 2066
582 1701
582 653
582 3017
582 790
778 3223
778 2252
19 1451
19 1338
19 3308
1451 3308
3308 2824
20 3080
3080 918
3080 1583
3080 2227
3080 3072
3080 3081
21 1073
1073 3303
22 726
22 2140
22 3251
726 2747
2140 743
2140 2548
3251 938
23 1942
1942 268
24 1227
24 2027
1227 44
1227 338
1227 2095
1227 2642
1227 1845
2027 2781
25 2057
25 2331
2057 1130
2331 1130
2331 1429
2331 1558
2331 1587
2331 1655
2331 2427
26 2729
26 222
2729 222
2729 689
2729 1435
2729 1868
2729 2730
222 2634
222 1392
222 2857
222 567
27 755
27 1290
27 2782
27 1943
27 229
27 1012
27 2021
27 2023
27 2282
755 137
755 153
755 197
755 220
755 492
755 549
755 627
755 719
755 912
755 2488
755 1009
755 2585
755 1961
755 2663
755 2664
755 2650
755 1647
755 887
755 2665
755 2257
755 2254
755 2666
755 2667
755 2128
1290 59
1290 307
1290 895
1290 1214
1290 1230
1290 2023
1290 2782
2782 137
2782 220
2782 229
2782 246
2782 307
2782 453
2782 549
2782 586
2782 807
2782 835
2782 887
2782 895
2782 937
2782 941
2782 968
2782 1034
2782 1214
2782 1219
2782 1238
2782 1343
2782 1480
2782 1644
2782 2023
2782 2115
2782 2230
2782 2475
2782 2585
2782 2783
2782 2784
2782 2785
2782 2786
1943 289
1943 302
1943 307
1943 527
1943 585
1943 887
1943 965
1943 968
1943 1054
1943 1117
1943 1157
1943 1281
1943 1343
1943 1590
1943 1731
1943 2396
1943 2226
1943 2234
1943 2823
1943 2775
1943 2398
229 307
229 492
229 1230
229 887
229 2023
229 2282
229 2785
229 895
1012 492
1012 887
1012 895
1012 1214
1012 1034
1012 1644
1012 2475
1012 2681
1012 2023
1012 2282
1012 2785
2021 835
2021 887
2021 895
2021 1644
2021 2023
2021 2651
2023 895
2023 1214
2023 2282
2282 644
2282 887
2282 2185
2282 2829
28 2312
28 1578
28 1447
28 2313
28 2314
28 2315
28 1678
28 2316
28 1912
28 135
28 2059
2312 1654
2312 1967
2312 2401
1447 595
1447 641
1447 751
1447 2560
1447 2811
2313 878
2314 471
2314 713
2314 2739
2314 2588
2314 2339
2315 136
1678 2631
1678 2316
2316 80
2316 392
2316 819
2316 923
2316 1311
2316 1921
2316 2547
2316 2383
2316 2673
1912 2080
135 2080
135 1566
2059 142
2059 1423
29 2838
30 532
532 1944
31 136
31 1759
31 1131
31 1625
136 43
136 1561
136 1759
136 2507
136 1940
136 1702
136 2519
136 2520
136 2598
1759 43
1759 1429
1759 1625
1759 2621
1759 1918
1759 2633
1131 138
1131 154
1131 875
1131 1875
1131 1666
1131 1609
1131 2680
1131 2681
1131 2621
1131 1251
1625 43
1625 154
1625 414
1625 661
1625 875
1625 968
1625 1019
1625 1070
1625 1251
1625 1429
1625 1453
1625 1492
1625 1587
1625 1609
1625 1875
1625 2429
1625 2680
1625 1666
1625 2638
1625 2632
1625 2224
1625 2681
1625 2886
1625 2621
1625 1821
1625 1965
32 118
32 3009
118 90
118 3133
3009 70
3009 203
3009 550
3009 2120
3009 2631
3009 2973
33 3193
33 1822
33 824
33 3197
33 3326
3193 107
3193 168
3193 372
3193 746
3193 846
3193 1143
3193 1186
3193 1244
3193 1728
3193 2558
3193 3132
3193 3194
3193 3195
3193 3196
3193 3197
3193 3210
1822 254
1822 508
1822 784
1822 1363
1822 1772
1822 3220
1822 3194
1822 3006
1822 2180
1822 1903
1822 3271
1822 2222
1822 3107
34 75
75 1879
75 1697
75 1300
35 89
36 763
37 1745
38 2388
38 2228
2388 446
2388 2389
2228 49
2228 148
2228 170
2228 491
2228 682
2228 1561
2228 2363
2228 2364
39 1412
39 2466
1412 3138
2466 744
2466 1698
40 631
40 2625
2625 147
2625 428
2625 2650
41 606
41 3309
41 1059
1059 1337
42 2655
2655 263
2655 444
2655 886
2655 1476
2655 1872
2655 1980
2655 2277
2655 2422
43 1238
43 2632
43 1731
43 887
43 1096
43 2633
43 1429
1238 2506
2632 492
2632 627
2632 968
2632 2239
2632 2649
2632 2650
2632 2651
1731 237
1731 1275
1731 2443
1731 2230
1731 2774
887 453
887 1034
887 2404
887 2839
887 2859
887 1214
887 1351
887 2247
887 1112
1096 661
1096 2638
2633 347
2633 770
2633 847
2633 930
2633 968
2633 1064
2633 1665
2633 2217
2633 2527
1429 144
1429 152
1429 1130
1429 1398
1429 1399
1429 1853
1429 2420
1429 2147
1429 1989
1429 2421
1429 2110
1429 2422
1429 2520
44 1845
1845 2746
45 939
46 3237
3237 1047
47 3130
47 1388
47 1098
47 820
47 3131
3131 2167
48 2185
2185 361
2185 590
2185 3149
2185 2206
2185 3150
49 2341
49 1510
49 2455
49 2994
49 1253
2341 2308
2341 2342
1510 1253
2455 1253
2455 2861
2455 2866
2994 491
2994 2984
1253 311
1253 1915
1253 1328
50 2528
50 2529
2528 1349
2528 2304
2529 971
2529 1263
51 1034
51 2525
51 1607
51 493
51 1214
51 453
51 2828
1034 137
1034 220
1034 453
1034 492
1034 1644
1034 1230
1034 2475
1034 1607
1034 1214
1034 2925
1034 1617
1607 2475
493 303
493 2151
493 1214
1214 59
1214 220
1214 453
1214 585
1214 586
1214 807
1214 941
1214 968
1214 1054
1214 2649
1214 2585
1214 2824
1214 1219
1214 1644
1214 1480
1214 2826
1214 1230
1214 2444
1214 2650
1214 2475
1214 2230
1214 2784
1214 2398
1214 1724
1214 2053
1214 2860
1214 2786
453 1009
453 1599
453 941
453 807
453 1219
453 1644
453 2475
453 2784
453 2053
453 835
453 2254
453 2786
453 2667
2828 454
2828 835
2828 1190
2828 2181
2828 2291
2828 2585
2828 2651
2828 2842
2828 3000
52 274
52 1617
1617 2211
1617 2927
1617 2475
1617 2926
1617 1724
1617 3014
53 61
61 1443
61 2113
61 1734
61 2063
61 1514
54 2378
54 728
54 1903
2378 2062
1903 269
1903 906
1903 2493
1903 2420
55 2324
55 2119
55 186
2324 2506
2119 796
2119 2196
186 2507
186 2883
56 1027
56 2609
1027 577
1027 2608
1027 1620
2609 2608
57 487
57 2570
487 837
487 1651
487 1140
487 734
487 2108
2570 2831
58 2009
58 284
58 1416
58 740
58 742
2009 284
1416 740
1416 1380
740 742
742 1380
59 962
59 968
59 2826
59 931
962 258
962 302
962 528
962 2226
962 2097
962 3073
962 2829
968 220
968 468
968 691
968 796
968 2226
968 2234
968 2596
968 2882
968 2564
968 2967
968 2097
968 2774
968 2196
968 3086
968 2829
968 1157
931 243
931 691
931 1025
931 1117
60 916
60 793
60 2992
916 793
1443 2013
2113 1484
2113 1835
2113 2063
2113 2912
1734 2013
2063 247
2063 548
2063 796
2063 1484
2063 1835
2063 2912
2063 2196
62 1620
1620 194
1620 304
1620 429
1620 494
1620 541
1620 637
1620 808
1620 1087
1620 1326
1620 2440
1620 1826
1620 2245
1620 2636
1620 2562
1620 2631
1620 2721
1620 2335
1620 2977
1620 1817
1620 1771
1620 3026
63 1053
65 1944
1944 506
1944 1011
1944 1400
1944 1575
1944 2534
1944 2535
66 1062
66 2342
66 3144
1062 2232
2342 2878
2342 3045
3144 955
3144 2894
3144 3145
67 1960
1960 671
68 2411
2411 829
2411 1505
2411 3273
69 157
69 1178
69 2370
157 99
157 1178
157 2507
2370 2369
70 2245
70 2557
70 2899
70 1474
70 2335
70 808
2245 1235
2245 1326
2245 1522
2245 2095
2557 991
2899 203
2899 550
2899 634
2899 927
2899 1068
2899 1094
2899 1135
2899 1946
2899 2132
2899 2275
2899 2631
2899 2900
2899 2901
2899 2902
2899 2903
1474 991
2335 1235
2335 1326
2335 1522
2335 2095
808 637
808 2562
808 2066
71 660
71 328
660 328
660 1481
72 1896
1896 211
1896 218
1896 404
1896 438
1896 518
1896 717
1896 997
1896 1145
1896 1146
1896 1197
1896 1534
1896 2170
1896 2702
1896 2048
1896 2703
1896 2704
1896 2705
1896 2706
1896 2707
1896 2708
73 497
73 832
73 1779
497 1779
497 2974
497 2975
832 1779
1779 2974
74 2365
2365 3163
1879 322
1879 394
1879 607
1879 1333
1879 1811
1879 1986
1879 1956
1879 2205
76 2530
76 1132
76 2644
76 1861
76 2955
76 2428
2530 1861
2644 312
2644 1457
2955 381
2955 1185
2955 1457
2955 2445
2955 2956
2955 2957
2428 1875
77 1222
1222 2434
1222 1864
1222 2684
78 2492
78 2043
78 2366
78 1687
2492 669
2492 2491
2492 2733
2492 3249
2366 954
2366 1286
2366 1411
2366 2790
2366 3286
1687 254
1687 969
1687 3220
1687 1992
79 2089
79 298
2089 468
2089 680
2089 1995
2089 2217
298 468
80 359
80 3029
359 3029
81 591
81 1527
81 558
81 1145
81 2976
81 2414
591 558
591 1527
591 1145
591 2704
591 2414
558 1145
558 2976
558 2414
1145 2152
2976 717
2976 1902
2976 2703
2414 1152
2414 2704
82 2271
2271 1548
2271 3268
83 3046
83 1932
83 1383
83 654
83 1842
83 540
83 584
83 3318
83 2673
83 649
83 1225
83 923
83 3299
83 1077
83 3017
83 3018
3046 294
3046 476
3046 478
3046 540
3046 649
3046 819
3046 1256
3046 1472
3046 1865
3046 1891
3046 1932
3046 2278
3046 2495
3046 2911
3046 3017
1932 1225
1932 2447
1383 515
654 2515
1842 2646
540 294
540 1945
540 555
540 2910
540 911
540 2515
540 923
540 2911
540 2646
584 2531
584 1039
2673 615
2673 2670
2673 3284
649 2495
649 2646
649 3099
649 2911
1225 1170
923 2218
923 3099
923 1170
923 2911
923 3018
3299 515
3017 455
3017 921
3017 2189
3017 2646
3017 2911
3018 2646
84 653
85 2893
2893 2385
86 1857
86 1488
87 2215
87 1710
2215 1461
2215 1710
1710 2918
1710 2112
88 3156
3156 356
3156 482
3156 708
3156 2306
3156 2453
90 3277
91 1992
1992 123
1992 253
1992 455
1992 798
1992 884
1992 1818
1992 2347
1992 2819
1992 3139
92 2189
2189 106
2189 379
2189 637
2189 1087
2189 2066
2189 3215
2189 2740
2189 2921
2189 2776
93 2939
2939 690
94 1192
94 2793
1192 2793
95 110
95 2269
95 2636
95 928
95 822
95 3274
110 1551
110 1704
110 472
110 541
110 3274
2269 472
2269 541
2269 1551
2269 1704
2269 2332
2269 3274
928 541
928 1326
822 541
822 2498
822 1043
3274 405
3274 472
3274 541
3274 1043
3274 1551
3274 1768
3274 2498
3274 2835
96 1322
96 119
96 339
96 132
1322 132
119 1829
119 3133
119 132
339 472
339 2789
132 1329
132 3134
132 779
97 2572
97 902
97 1201
2572 902
2572 1201
902 1201
98 2174
98 1078
98 2297
98 2510
98 2284
98 2511
98 1406
98 936
98 386
98 353
2174 241
2174 466
2174 620
2174 709
2174 1264
2174 1359
2174 1576
2174 1802
2174 1987
2174 2017
2174 2413
2174 2439
2174 2861
2174 2509
2174 3138
1078 2510
1078 2848
1078 1259
2297 2284
2510 1259
2510 2020
2510 2509
2511 2509
936 241
936 466
936 709
353 2434
99 1015
99 2571
1015 2443
1015 1275
1015 2783
2571 170
100 2158
100 1026
2158 1026
1026 664
1026 3157
101 3087
101 825
101 2855
101 1325
101 1434
101 3161
101 1340
3087 204
825 250
825 641
825 1080
825 2855
825 1574
2855 1340
1434 204
1340 1080
102 1016
102 2198
102 1639
102 1748
1016 769
1016 1866
103 2130
2130 2478
104 1964
104 1768
1964 1768
1768 541
1768 2745
105 976
976 2434
106 2643
106 2776
106 155
106 1366
2643 155
2643 247
2643 1180
2643 1183
2643 2776
2776 155
2776 1246
155 922
1366 561
1366 716
1366 876
1366 1058
1366 1180
1366 1183
1366 2088
1366 2580
1366 2581
109 1454
109 2658
109 2659
109 1819
2659 1781
1551 1464
1551 1704
1551 2332
1704 472
1704 541
1704 2332
472 780
472 541
472 703
541 429
541 2840
541 2721
541 2745
541 1464
541 3047
541 809
541 1477
541 3048
541 3049
541 1865
541 3050
541 703
111 251
112 1249
1249 2280
1875 435
1875 847
1875 1019
1875 1453
1875 1517
1875 2360
1875 1989
1875 2399
1875 2426
1875 2427
1875 2205
1533 2927
114 553
114 2677
114 1419
114 2074
114 1538
114 1686
1419 2339
1419 1698
1419 2389
115 880
115 2122
880 1877
2122 1835
2122 2399
116 3310
117 367
3133 672
3133 1156
3133 1685
3133 3134
1829 1043
1829 1352
1829 2035
120 1650
120 337
1650 337
1650 2888
121 1911
121 3137
122 827
122 2421
827 2421
2421 1587
2421 2147
124 1811
1811 1292
1811 1799
1811 2102
1811 2091
1811 3198
125 831
831 3063
126 204
127 143
128 1041
129 1240
130 1004
1004 419
1004 698
1004 860
1004 2816
1004 2920
1004 2497
131 935
131 3324
935 2590
935 3233
3324 268
3324 2820
3134 205
779 932
133 1631
134 874
874 2866
2080 577
2080 2661
2080 2662
2080 2346
1561 450
2507 450
2507 1009
2507 2196
2507 2506
2507 2883
2507 2520
2507 2598
1940 715
1940 2404
1940 2405
1702 1774
1702 1711
2519 395
2519 396
2519 450
2519 744
2519 882
2519 930
2519 2196
2519 2217
2519 2718
2519 2719
2519 2720
2520 847
2598 2596
138 1853
138 2488
138 2196
138 680
138 468
138 1736
1853 347
1853 464
1853 468
1853 847
1853 1009
1853 1064
1853 2488
1853 2527
2488 1965
2488 2435
2196 242
2196 450
2196 468
2196 930
2196 1136
2196 1877
2196 2217
2196 3266
680 468
468 273
468 396
468 2718
468 2719
468 1665
468 2217
468 930
468 2299
468 768
468 1473
468 1251
468 1362
468 1736
468 982
1736 151
1736 242
1736 972
1736 982
139 958
139 602
958 602
958 2543
958 3035
602 1858
140 1713
141 1036
1036 917
1036 2853
142 2734
142 1200
142 1002
142 1455
2734 819
2734 1002
2734 1455
1200 819
1200 1002
1002 2085
144 847
144 1130
144 2110
847 2360
847 2592
847 1666
847 1517
847 1398
847 2205
1130 982
1130 1666
1130 2728
1130 1591
1130 2110
1130 2422
2110 1398
2110 1587
2110 1666
145 3121
147 2404
147 1439
147 1647
147 2626
147 1350
147 2264
147 2405
2404 428
2404 492
2404 661
2404 715
2404 1644
2404 1725
2404 2638
1439 428
1439 661
1439 2638
1439 2626
1647 428
1647 773
1647 1112
1647 2626
2626 428
2626 773
2626 1054
2626 1112
2626 1831
2626 3054
1350 1399
2264 428
2264 661
2264 715
2264 773
2264 1725
2264 1831
2264 1997
2264 2638
2264 2942
2405 377
2405 428
2405 661
2405 715
2405 2638
148 1770
148 2068
1770 1319
1770 2867
149 364
364 1991
364 399
151 2217
151 930
151 2299
2217 273
2217 396
2217 796
2217 1417
2217 1758
2217 2645
930 396
930 796
2299 242
2299 450
2299 1582
2299 2032
152 2546
152 1666
1666 414
1666 1230
1666 1399
1666 1989
1666 2435
1666 2427
153 744
153 396
153 2925
744 2235
744 2586
744 3275
396 2887
2925 373
2925 912
2925 993
2925 1010
2925 1117
2925 1427
2925 1910
2925 2097
2925 2257
2925 2398
2925 2475
2925 2774
2925 2775
2925 2820
2925 2967
154 450
154 1668
154 1112
450 272
450 1915
450 2295
450 1020
450 542
450 1965
450 882
450 1817
450 1532
1668 894
1668 1008
1668 1415
1668 2399
1112 351
1112 965
1112 2820
1112 2522
1112 2927
1112 1644
1112 1480
1112 2475
1112 1635
1112 1251
1112 3014
922 1087
922 1246
156 3084
156 942
156 1334
156 1677
942 2343
942 2305
942 1863
1334 722
1677 1143
1677 1235
1677 1737
159 465
465 2345
465 2153
465 2973
160 934
160 2716
160 2133
160 926
160 1616
934 926
934 2133
934 1616
1616 1752
161 2003
161 2735
161 3070
162 1070
1070 894
1070 2399
163 3182
164 2409
165 2804
165 944
165 1994
2804 1806
2804 2805
166 667
667 488
667 1530
667 1707
667 1179
667 1243
667 1187
667 760
667 3101
667 1555
667 1099
167 2909
167 1904
2909 998
2909 1970
2909 1985
1904 2666
169 929
169 247
929 2863
247 2613
247 2088
247 1265
247 2848
247 1217
170 881
170 1755
170 2803
170 2583
170 491
881 491
881 682
881 2363
881 2364
1755 2363
2803 311
2583 2866
171 425
172 2320
172 2322
172 1557
2320 709
2320 1028
2320 2321
2320 2322
2320 3227
2322 1381
2322 1557
1557 709
1557 1028
1557 2321
1557 3227
173 519
519 3146
174 1289
175 2941
176 2679
176 2750
2679 795
2679 2750
177 2442
177 1971
177 2687
2442 877
2442 1155
2442 1379
2442 2687
1971 577
1971 1030
1971 1448
1971 1672
1971 2373
1971 2062
1971 2354
1971 2479
179 1860
179 2436
179 1298
179 2696
1860 2092
2436 2092
1298 2092
2696 2697
180 2638
180 661
180 351
180 2639
2638 351
2638 1740
2638 2639
2638 2640
2638 2641
661 351
661 1740
661 2639
661 2640
661 2641
351 2639
181 1262
1262 495
1262 2978
1262 2825
182 2262
2262 3295
183 2946
184 1825
1825 1275
1825 2443
185 3278
187 199
188 2619
2619 227
2619 254
2619 266
189 1802
189 2434
189 2076
1802 1044
1802 2323
2434 885
2434 1044
2434 2323
2434 2654
2076 2011
190 325
190 3184
190 3107
325 3184
3184 330
3107 722
3107 2180
3107 3106
191 1927
191 2169
1927 2550
2169 3276
193 572
572 1024
572 1998
194 1522
194 2900
194 397
194 2218
194 3051
194 3052
1522 397
2900 1353
2900 2052
2218 638
3051 1094
3051 3207
3052 1384
195 1407
195 1823
1823 1379
1823 3045
196 2508
197 715
715 377
715 1725
198 2327
198 1453
198 2001
200 2842
200 2843
2842 2843
201 1701
202 1594
203 1094
1094 2052
205 854
205 212
205 2296
205 783
205 3076
205 3265
854 2620
854 1521
212 2835
212 2836
212 783
212 3076
212 3265
2296 783
2296 2646
783 2835
783 2837
783 3076
3076 2835
3265 1792
206 772
772 1296
772 1331
772 1546
207 270
208 218
208 2433
208 404
208 438
208 1718
208 1534
208 2966
208 2705
208 2706
208 2703
208 997
218 2433
218 1482
218 1718
218 2703
2433 1718
404 1718
404 1534
404 2703
404 2966
404 2705
404 2706
438 1718
438 2703
438 2966
438 2705
438 2706
1718 2703
1718 2705
1534 1035
1534 2703
2966 2703
2966 2705
2966 2706
2705 2703
2705 2706
2706 2703
2703 997
2703 1035
2703 1152
2703 1902
2703 2170
2703 2702
997 1035
209 1991
1991 348
1991 1766
210 3183
3183 1766
211 1444
2835 2836
2836 1970
213 528
213 2097
213 3073
528 2396
528 2829
2097 993
2097 2564
2097 2435
2097 2774
2097 2829
214 2485
214 2928
214 2773
2485 1568
2485 2767
2928 702
2928 2773
2773 2772
2773 3272
216 1655
216 2615
216 695
1655 434
1655 650
1655 2506
1655 2000
1655 3209
2615 2812
695 1682
695 2483
695 2791
695 2792
217 1319
217 2867
217 1603
1319 1603
1319 2237
2867 422
2867 1603
2867 2237
219 3093
219 2254
3093 303
3093 2254
2254 303
2254 388
220 2475
2475 2829
2634 1392
1392 2857
1392 3212
2857 3212
567 2486
567 2898
567 2730
567 2005
567 2400
567 2464
567 1435
567 3221
225 741
225 1528
225 3203
225 1066
225 3204
741 3036
3203 245
3203 1066
3203 3036
3203 3204
1066 245
1066 3036
1066 3204
3204 245
3204 1827
226 1907
226 2713
1907 1241
1907 1847
1907 2005
1907 3125
1907 3232
2713 2005
2713 3232
227 843
227 3249
227 1809
843 253
843 473
843 2579
843 2551
843 2202
3249 254
3249 266
3249 500
3249 1808
3249 1809
3249 2524
3249 3007
1809 266
1809 500
228 2815
228 411
228 3012
228 1531
228 1233
228 300
2815 300
2815 411
2815 1410
2815 2814
411 317
411 1335
411 1410
1531 300
1531 484
1531 579
1531 1210
1531 1410
300 1410
300 2763
307 1918
307 1230
307 2230
307 2398
307 585
307 2676
492 1644
492 2181
1230 2859
230 1968
230 2979
230 356
2979 1856
231 875
875 1918
875 2797
875 1257
232 333
232 252
333 777
233 2079
234 2391
234 2993
2993 2154
2993 3215
235 256
236 1582
236 618
1582 242
1582 2032
618 595
618 2380
237 2564
237 2398
237 585
2564 627
2564 807
2564 941
2564 1219
2564 2435
2564 2665
2398 1251
2398 1343
2398 2002
2398 2107
2398 2396
2398 2829
585 1997
238 735
239 1321
239 767
239 3230
1321 767
1321 3229
1321 3230
767 3254
3230 3254
240 2942
241 2861
241 603
241 1414
2861 402
2861 1091
2861 1346
2861 1395
2861 1414
2861 1471
2861 1634
2861 2399
2861 2494
603 402
603 2799
603 1471
603 3128
1414 402
242 796
242 2032
243 1812
1812 413
1812 2328
244 906
906 249
906 2567
906 2568
245 3124
245 3189
2613 2329
2613 2614
1265 1239
2848 561
2848 876
2848 1180
2848 1600
2848 1953
2848 2580
2848 2581
1217 1142
248 1669
248 297
1669 297
297 513
250 2083
2083 2106
253 2579
2579 690
2579 949
2579 2551
254 1543
254 2732
254 2733
254 2551
254 2067
254 2222
254 1772
254 266
1543 449
1543 1286
1543 2732
1543 2067
2732 508
2732 2067
2732 2733
2733 1652
2733 2067
2551 2550
2067 266
2067 1411
2067 1772
2067 2499
2067 2790
2067 2222
2222 1772
2222 1890
1772 1890
266 672
266 1156
266 3298
255 2277
2277 886
257 2970
257 720
2970 1722
259 2978
259 1637
260 2749
2749 1119
261 288
288 1361
262 1597
263 886
263 525
263 737
263 2422
886 499
886 850
886 1796
886 2768
886 2769
886 2182
525 2573
525 2577
525 705
737 1460
2422 705
2422 1587
2422 2427
264 1267
265 2220
265 1536
265 2452
2220 319
2220 1536
2220 1683
2220 2447
1536 319
1536 2452
2452 1385
2452 1683
2452 2447
672 1738
1156 1738
267 1259
267 749
1259 551
1259 599
1259 749
1259 2897
749 551
749 1195
268 3242
3242 1581
269 3234
269 1782
269 3235
269 3228
269 3236
1782 441
1782 2458
3228 1115
3228 3236
271 1266
1266 3273
272 2765
2765 2764
273 416
273 1417
273 768
416 2645
416 1758
1417 2645
1417 1758
768 2645
768 2964
275 710
275 1297
710 1159
1297 2393
277 3238
278 2469
278 2015
2469 1555
2469 2470
2015 1555
279 2326
279 688
279 1928
2326 1928
688 1928
280 1563
280 1296
1563 3062
1296 406
1296 733
1296 1585
281 646
282 2348
282 1163
2348 1163
2348 1224
2348 1840
2348 3040
2348 3041
2348 2349
283 3252
283 1596
3252 1045
3252 1596
3252 3253
1596 1045
1596 3253
285 1967
285 1418
1967 637
1967 721
1967 2672
1967 2066
286 1466
286 2674
286 2401
286 1835
2401 1445
2401 1848
2401 1877
2401 2924
2401 2959
1835 1415
287 1011
1011 501
1011 2330
1011 1583
1011 2148
290 2701
2701 967
291 873
873 2693
873 3225
292 594
292 2854
292 2141
292 1843
2854 2141
1843 398
1843 1251
1843 1583
293 1874
293 1585
1874 813
1874 1585
1585 483
1585 813
1585 1211
1585 2770
1585 2771
1585 2020
1585 2779
1585 2462
295 3061
296 2853
2853 1226
2853 2176
2853 2660
299 1134
299 1057
1410 579
1410 1324
1410 2345
1410 2814
1410 3294
2763 2761
301 1204
1204 752
302 2651
2651 2281
2651 2827
303 2585
303 1480
303 2116
303 1190
303 719
303 1343
303 937
303 3186
2585 549
2585 1190
1480 2715
2116 586
2116 1599
1190 719
1343 1427
1343 2829
937 2377
304 2025
304 637
2025 494
2025 2977
637 408
637 494
637 2440
637 2562
637 2931
637 1921
637 1797
637 2977
637 2066
305 2929
306 1368
1918 361
1918 2649
1918 1995
1918 2444
1918 2650
1918 2797
2230 2784
2230 2860
2676 2224
308 2930
308 3221
3221 689
3221 1310
3221 2255
309 1680
310 2936
310 2937
310 1878
2936 1878
2936 2937
1878 2446
311 413
413 2718
413 2719
413 2204
413 805
413 2720
313 964
313 2984
964 521
2984 1264
2984 1355
2984 1395
2984 2866
912 373
912 2490
912 1117
2596 850
2596 1117
2596 2204
2596 2257
2596 2481
2596 2599
2637 1117
2637 3164
373 2490
373 1117
315 1124
316 2931
316 2932
316 777
2931 2952
777 624
777 2560
777 2845
777 1691
777 2261
318 717
717 3311
717 1902
319 2646
2646 516
2646 771
2646 819
2646 1472
2646 1615
2646 2278
2646 2450
2646 2495
2646 2911
320 2962
321 2227
321 3083
323 697
697 1783
324 3116
3116 996
3116 3115
326 984
326 3085
984 2046
327 1382
1382 3038
329 2517
329 2618
329 1889
2517 2516
2517 2751
2618 2617
1889 2516
1889 2751
330 3206
3206 2065
331 1278
331 1709
331 1083
331 2948
1709 1083
1709 2948
1083 714
1083 3069
2948 690
332 2259
332 2921
2259 545
2259 1046
2259 1256
2259 1437
2259 1919
2259 2278
2259 2450
2921 745
334 1692
335 1088
335 723
1088 723
1088 2953
723 2219
336 1180
336 2580
336 2581
336 1600
336 561
336 876
336 3002
1180 561
1180 2580
1180 2581
1180 1600
1180 2329
1180 3025
2580 561
2580 2581
2580 3025
2581 3025
1600 1183
1600 3025
561 3025
876 3025
338 2642
2642 2538
2789 552
2789 2149
340 1050
341 1869
1869 1714
342 678
342 3296
3296 860
3296 2497
3296 2920
343 1773
344 3289
344 2238
345 1452
346 1663
1663 2396
347 1758
347 1202
347 2073
347 2527
1758 464
1758 2253
1758 2527
1202 770
1202 818
1202 1064
1202 2356
1202 2527
1202 1570
2073 1019
2073 2592
2527 1064
348 399
399 957
349 2760
350 2399
2399 2250
352 1728
352 3293
354 3006
355 1121
357 2350
357 2351
357 1948
2350 1468
2350 1948
2350 2351
2351 999
2351 1867
2351 1916
2351 2372
1948 999
1948 1373
360 477
361 2649
361 2444
361 2650
2649 2444
2649 2650
2444 1275
2444 2443
2444 2650
362 2339
362 2340
2339 736
2339 815
2339 1049
2339 1746
2339 1917
2339 2219
2339 2338
2339 2463
2339 3071
2339 3282
2340 1981
2340 2338
363 800
800 706
365 1150
365 630
630 2319
630 1757
366 2061
368 1199
1199 1993
369 580
370 2157
370 2499
371 3071
371 2463
371 1423
371 1981
371 1369
371 1746
3071 1369
3071 1746
3071 1981
3071 2022
2463 1049
1981 1193
1981 1260
1981 1369
1981 1746
1981 3020
1981 3312
2490 1025
374 1411
374 2790
374 2368
374 3286
1411 1286
1411 1401
1411 2367
1411 1726
1411 2368
2790 1286
2790 1401
2790 1726
2790 2367
2790 2368
2368 1726
2368 1863
2368 2943
3286 447
3286 1286
3286 1667
3286 3287
375 1793
376 2300
2300 1513
378 2767
378 3272
2767 1138
2767 1568
2767 1769
3272 482
3272 1589
3272 2772
380 3188
380 2155
3188 2155
2155 1628
381 1457
1457 2956
1457 2156
382 696
696 2352
696 1236
696 869
383 989
384 1930
385 1700
387 2808
389 2989
389 2111
2989 1984
2989 2990
390 871
390 2103
390 2105
390 1916
2105 600
391 2995
393 566
566 698
566 2212
394 2594
2594 1333
2594 1986
398 1251
1251 2483
1251 1965
400 862
401 2739
2739 856
2739 2740
2739 2741
403 3185
3185 1092
3185 1662
405 1660
405 2179
407 1364
1364 2240
1364 2184
409 2584
409 1341
409 1529
2584 535
2584 1583
1341 3151
1341 1925
1529 503
1529 3199
1529 1925
410 1808
410 3106
1808 473
1808 3011
1808 2202
1335 417
1335 624
1335 865
1335 2578
1335 2612
412 2440
412 3257
2440 2441
3257 1778
2718 2720
805 986
414 1128
414 2429
414 2565
1128 1761
2429 1761
2429 2565
2565 1492
2565 1761
415 2533
417 915
915 624
915 2301
418 1207
1207 990
419 476
476 462
476 1247
476 2203
420 1933
1933 1365
1933 1504
1933 1850
1933 3008
1933 2539
421 2275
421 2631
421 1162
421 1135
2275 2132
2631 2132
1162 634
1162 3010
1135 927
1135 2683
1135 3207
1135 1485
422 2237
2237 3269
423 1756
424 3163
426 2129
427 1560
427 2114
427 840
427 2477
427 1705
1560 2559
1560 1705
2114 1705
2114 2559
840 2559
840 2477
2477 536
2477 2559
1705 1698
1705 2559
428 773
773 1725
429 2028
429 2154
2028 707
2028 2721
2154 3215
430 2844
430 1684
2844 504
2844 670
1684 455
431 1268
431 2352
431 1174
431 869
1268 2352
2352 869
2352 2407
432 2983
433 2829
2829 965
2829 993
2829 1071
2829 1157
2829 2234
2829 2257
2829 2774
2829 2775
2829 2968
2829 2967
434 549
434 2361
434 2362
549 2361
549 1821
2361 1275
2361 1517
2361 1580
2361 2183
2361 2226
2361 2311
2361 2360
2361 2443
2361 2506
2361 2880
2362 1517
2362 1580
2362 2360
2362 2506
435 1019
435 1996
1996 2880
436 2317
437 2922
2922 635
439 3128
439 2011
3128 1471
3128 2208
3128 2494
440 3047
3047 1303
441 2501
441 2812
2501 747
2501 960
2812 1354
442 2911
2911 610
2911 1103
2911 2134
2911 2515
2911 3317
443 2406
443 1828
443 857
2406 857
2406 1299
2406 1828
1828 857
1828 2077
444 1301
1301 965
1301 2774
1301 2775
445 509
445 2891
509 1570
509 1362
2891 1115
447 1184
1184 2186
448 888
448 1090
1915 544
1915 1532
1915 2302
2295 542
1020 542
1965 1956
1965 2886
1965 2964
451 1630
451 2736
1630 2621
2736 953
2736 1440
2736 2070
2736 3034
452 2214
2214 652
2214 3290
941 2667
807 2667
1219 2667
1644 1351
1644 2247
2784 2665
835 2181
835 3030
2786 2667
2667 2128
455 1656
456 1592
457 1438
1438 1377
458 2358
458 2233
2358 1867
2358 1887
2358 2357
2358 2431
2358 2652
2233 1887
2233 2372
459 2099
2099 757
460 1751
460 992
460 3263
460 3030
1751 2319
992 2242
992 1421
3263 3030
3030 1757
461 1508
463 2539
463 2540
2345 1729
2345 2153
2345 2346
2345 2347
2153 3202
2153 3294
466 3138
3138 2586
1665 872
1665 1591
1473 1212
1473 2964
982 1591
469 1478
469 1101
1478 573
470 1982
471 2554
471 2588
471 1676
2554 713
2554 1676
2554 2209
2554 2555
2588 713
2588 1676
1676 713
1676 2604
703 2745
473 2524
2524 2202
474 3055
474 3056
3056 1509
475 3295
3295 1679
3295 2251
1247 819
479 3105
480 571
481 2236
482 833
482 1076
482 830
482 3276
1076 1589
3276 2104
483 2624
483 2020
2624 2623
2020 1445
484 1210
1210 2612
485 1052
485 2752
1052 1239
1052 2657
1052 2752
1052 3215
2356 1570
2356 2355
1115 3042
1570 559
837 3283
1651 734
1651 3304
734 3304
2108 1021
490 1394
490 2858
2181 686
2151 2717
496 861
861 1171
861 2178
2974 1936
2974 2094
2974 2975
2975 2094
498 2652
499 2274
501 1575
1575 2478
502 517
517 1583
517 2647
517 1215
504 2292
504 624
2292 624
2292 950
2292 2913
2292 2950
624 569
624 573
624 1318
624 2578
624 1836
624 2134
624 1272
624 2845
624 865
624 3153
505 1729
506 1583
506 3213
1583 2387
507 2834
508 3248
510 2827
2827 675
2827 686
2827 1976
511 625
625 2376
512 620
620 575
620 611
620 2413
620 2439
620 2605
620 2321
620 709
514 2809
514 2810
515 1498
1215 2923
3146 3147
3146 3148
520 2402
520 2380
2402 2380
2380 1584
2380 2379
2380 2534
522 1830
523 1840
523 2349
1840 2349
524 1537
524 2787
524 2938
1537 806
2787 2788
2938 2788
2573 1143
2573 2574
2573 2575
2577 681
2577 705
526 920
526 2163
920 1832
920 2547
920 1469
2163 1469
2163 1832
2163 2547
2396 691
2396 1122
2396 1342
2396 2064
2396 2397
529 1958
529 1724
1958 1724
1724 1198
1724 2253
1724 2542
530 664
530 1966
530 1641
530 1621
530 1017
664 1203
664 2438
1621 856
531 2610
2610 2611
2610 2612
533 2691
533 1764
2691 1606
2691 2690
1764 978
534 2287
535 946
535 641
946 2379
946 1584
946 2906
641 1080
641 2595
537 836
537 650
650 2505
538 632
538 1506
632 623
1506 623
539 1783
2910 610
911 3060
2840 587
1477 564
3048 564
3049 1572
3049 3050
1865 674
1865 1307
1865 1727
1865 2283
543 2561
2561 2165
2561 2949
544 2302
545 1046
1046 2054
547 819
548 1877
548 851
1877 1609
1877 1973
851 2863
1821 1176
1821 1483
1821 1795
1821 2200
550 3010
552 2412
2412 1352
554 799
556 969
1883 1824
1883 2678
560 2482
560 2191
2482 1245
3025 2959
562 1735
562 1586
1586 1231
1586 3241
565 2484
565 904
565 1330
565 1264
904 864
904 2369
904 2371
904 1699
1330 864
1330 2369
1330 2371
1330 1699
1264 1044
1264 2369
2212 865
2212 1999
2212 2578
2486 1694
2486 2255
2898 1435
2898 2730
2730 1435
2005 2731
2400 1000
2400 1326
2400 1545
2400 1671
2400 1849
2400 3089
2464 642
2464 3120
1435 1854
568 1839
568 3023
569 3153
3153 1426
3153 2210
570 1786
573 670
670 974
670 2578
670 1836
670 1565
670 2771
670 865
670 924
670 1311
670 1472
574 2267
574 1518
574 2049
574 1109
2267 1518
1518 1109
576 1887
1887 598
1887 2357
1887 2431
1887 2232
578 2225
578 2367
2367 3152
2367 2541
2367 2549
581 1750
1750 3321
2447 1836
2447 1939
2447 2448
2447 2449
2447 2450
2447 2451
2920 860
2249 1239
2950 2951
2950 2952
1170 1039
1170 2531
1170 2726
1170 2819
2066 2562
790 1000
790 1545
790 3026
583 2384
2531 1039
1997 2107
586 2556
588 1275
588 2536
588 828
588 2537
588 1255
1275 985
1275 2506
2536 668
828 1255
2537 1255
589 3096
590 2868
590 2206
2868 607
2868 1220
2868 1657
2868 1725
2868 2206
2868 2244
2868 2473
2868 2869
2868 2870
2704 1463
593 2325
2325 1213
595 1961
595 878
596 3191
597 3174
3174 1143
600 1001
1001 1119
1001 1577
601 3192
1858 2543
1858 3035
1858 2031
2799 889
2799 1973
2799 2545
1471 682
1471 709
1471 1091
1471 2954
1471 2494
604 2458
604 692
2458 979
2458 988
2458 1742
2458 1804
2458 2459
2458 2460
2458 2461
605 859
859 1795
608 2889
2889 2890
609 2866
609 684
2866 1355
2866 1395
2866 1634
610 3039
610 1116
3039 638
1116 1103
1116 1836
611 2605
2605 1028
612 1316
1316 3015
613 2603
2603 1441
2603 1667
2603 2669
614 849
615 1818
1818 1072
1818 2030
617 2290
2290 619
709 2369
709 1987
709 1424
621 1790
2578 924
2578 1836
2578 1999
1836 865
1836 1683
2845 924
865 2266
865 2692
865 1999
865 924
626 2126
627 2681
2681 2886
629 2630
629 1460
629 1717
2630 1717
2319 1757
633 1470
634 2132
636 3258
2977 729
639 2753
639 1893
640 3214
640 1935
1080 1348
1080 2595
642 1000
1000 3120
1000 1545
643 1741
645 3315
1143 1048
1143 3053
2505 2136
655 3200
655 687
655 3201
3200 687
3200 3201
656 2940
2940 1287
657 658
659 1720
1720 1173
2640 2641
662 2260
663 2385
2385 756
2385 2386
1203 2438
665 2256
666 1491
666 3140
1491 1487
1491 1767
1491 2060
1530 1099
1707 760
1707 1079
1707 1179
1555 1079
668 1294
974 1891
2771 813
1311 2607
1472 1813
1472 2210
673 1293
673 2445
673 3261
1293 3261
2445 2957
675 1864
675 2875
1864 1486
1864 1618
1864 2509
2875 2509
2443 985
2443 2506
2506 1580
679 1979
1979 1060
1979 2800
681 2980
2980 2981
682 2494
2494 2954
683 2558
2558 1542
2558 2420
685 2961
690 3007
690 1613
1613 2727
1613 2058
691 2481
2481 1261
2481 2480
693 2182
2182 850
694 2965
2965 2286
1682 727
699 1347
700 2035
701 1712
704 2722
2722 1254
2722 2092
2722 2723
706 2927
2927 2926
2369 1699
2369 2371
1424 764
1159 2086
1159 2754
1159 2755
711 3102
711 2727
711 3103
3102 3267
2727 1111
2727 2058
2727 2726
3103 3267
712 1177
713 2604
2604 2209
2604 2555
716 1125
716 2329
1125 1031
1125 2884
2329 1031
2329 2682
2329 2614
718 2241
721 2683
721 1485
2219 1260
724 2293
2293 1591
2747 2748
730 2985
730 2986
730 2987
2985 2986
731 2310
732 1250
3304 2050
738 3241
3241 1018
3241 1032
3241 1129
3241 2514
739 2213
2586 1698
746 2420
746 3028
2420 1542
2420 1587
3028 2427
747 1723
747 960
747 803
803 3019
803 990
748 2668
2668 2846
750 1065
751 1446
1446 1574
753 1947
754 2923
2664 2991
2128 1071
2128 2822
757 1420
758 2960
2960 1182
2960 2947
759 1512
761 2375
2375 781
2375 877
2375 1155
2375 1379
2375 2372
762 2337
2337 2430
765 2124
2124 1440
766 1037
2964 1956
769 2081
2081 1866
770 1591
771 1256
771 1103
1331 2142
774 1562
774 2606
1562 1324
2606 1449
775 1376
776 1030
776 781
1030 2353
1030 2372
1030 2062
1030 2354
781 2479
2252 853
2252 3231
2252 3232
782 2945
2945 1595
2945 1870
2945 1926
2837 2534
784 1715
785 1397
786 2216
787 1413
788 3262
789 3176
3176 3177
1545 3026
3026 921
791 2309
2309 2334
2309 3167
2309 3168
792 1671
792 2476
792 2160
2476 2160
797 2305
801 1391
1391 2756
802 1573
802 1854
3019 3159
990 1223
804 1776
986 2419
810 1913
811 1970
813 2770
814 908
908 1569
908 2708
816 2377
816 2426
2377 1831
2426 1989
2426 3027
817 2616
821 2591
2498 1043
823 1909
1574 1348
826 2712
829 1505
829 1082
1505 1450
1505 3273
1082 2532
1082 3273
841 1459
842 1963
844 1154
2360 1580
1517 2183
1517 1580
1398 2427
850 2024
2863 2657
2863 2864
852 1304
855 983
858 1803
1795 1483
860 2497
860 2177
2497 1107
2497 3288
2178 3240
863 1780
863 2209
2209 1787
2209 2555
864 1346
864 2874
1346 2874
2874 1091
2874 2371
2266 1648
866 3239
867 1173
1173 2794
1173 2796
868 897
870 2019
2797 1257
877 2353
877 2467
877 1379
877 940
877 1672
2353 1155
2353 1379
2353 1448
2353 1672
2353 2354
2467 1155
1379 1155
940 1155
1672 1155
2363 1540
2363 3164
883 1496
884 2512
884 1172
2512 1363
1172 1363
2859 2830
1351 2121
889 2545
889 1430
1430 1973
890 2454
891 2471
891 2087
891 1108
893 2318
896 1081
898 1931
899 2123
900 1072
1072 1309
901 1810
901 1436
901 3037
1810 1436
1810 3037
3037 1428
3037 1624
3037 3038
903 2145
903 2969
905 1484
1484 1920
1484 2912
907 1706
1706 2270
1569 2708
909 2268
914 2136
914 1794
917 2176
917 2660
2660 3255
918 3072
919 1425
921 1280
1087 1239
1087 2054
925 995
1326 1408
933 1977
933 1905
938 2104
2343 1084
2343 1123
2343 1855
943 2010
943 1554
2010 3044
1554 3044
945 3016
2379 1584
2906 2109
947 1716
948 1114
951 1638
951 2656
951 3154
952 2982
953 2298
953 1440
1440 3034
954 3108
3108 1191
3108 3109
3108 3110
956 1461
956 1022
1461 1022
1461 1271
1461 1302
1461 2601
1461 2918
1022 1302
2543 1063
2543 1675
3035 2031
959 3075
959 1949
3075 1949
1949 970
1949 3208
961 1405
2226 1176
2226 1232
2226 1281
2226 2435
963 3158
965 2234
965 3013
965 3014
965 1157
2234 1281
1157 1281
2882 2435
2967 2115
2967 2968
2774 993
2774 2968
973 2778
975 2478
975 1295
977 2699
980 2098
980 1645
981 2311
2311 1242
2311 2183
2311 2880
987 2006
993 2775
993 2427
2427 1399
2427 1989
994 2224
994 2675
2224 1399
2224 1777
2224 2675
2675 1399
1035 1152
1035 1051
1035 1206
998 3314
998 2589
998 1315
998 1515
2589 1021
2589 1719
2589 3066
1515 2050
999 1754
1119 2552
1119 1577
1577 2552
1577 1882
1003 1801
1801 1216
2816 1324
1005 1816
1006 2999
1006 2762
2999 2762
2762 2761
1208 1767
1208 2877
1208 2060
1010 1703
2783 2045
1018 1032
1018 2514
1032 2514
2514 2513
1021 1188
1021 3066
3066 3067
1302 1271
1302 2601
1023 2709
2709 1313
1029 1564
2372 2373
2372 2374
2062 3160
1031 2328
2819 1791
2112 1307
1038 2082
2082 2957
1040 2877
1042 3045
3045 3187
1044 2323
1044 1619
1044 1395
2323 1395
2323 1619
1045 3253
2054 1221
1239 2210
1239 3215
1055 2879
1056 2593
1063 1675
1067 3021
3021 1189
3021 1305
1069 2503
1069 2504
1071 2822
1074 1095
1075 2780
2780 1211
2780 2779
1589 2453
1079 1950
1348 2276
2532 2207
1084 1123
1123 1855
1123 1733
1085 3244
1085 3139
3244 3139
1086 1807
1089 1400
1092 1579
1092 1662
1093 2423
1093 2424
1093 2425
1093 2161
1093 1990
2423 2424
2424 1990
2424 2161
2424 2425
2425 3011
2161 1990
2648 1901
1100 1526
1102 2602
1102 1939
1104 2871
1106 2403
1106 2757
1107 2496
1110 1952
1111 1983
1983 3152
2522 2523
1635 1386
1113 3211
1118 1194
1194 2246
1194 3280
1120 1659
1120 2654
1122 2991
2991 2047
1733 1610
1733 3305
1733 3306
2884 1890
1126 3033
1127 3141
1129 2513
2680 1308
2680 1568
1133 3259
1137 2544
1139 2223
1141 1241
1241 1694
1144 1556
1144 1396
1144 1282
1144 2382
1396 2381
1282 2381
2382 2381
1147 1449
1449 1324
1149 1404
1151 1847
1847 2731
1153 2968
1153 3078
1153 3079
1158 2813
1160 1432
1161 2714
2714 2715
1164 2344
1165 2041
1165 2462
2041 1953
2041 2462
2041 3224
2462 3224
1168 1814
1814 2143
1169 1209
2794 2795
1175 2958
2958 2096
1176 2435
2435 2200
2435 3074
1181 3316
1186 2306
1186 1868
1868 1218
1868 3068
1189 1767
1189 2060
1767 2168
1193 1841
1841 1372
1196 1791
1791 2055
1205 1212
1205 2830
1211 2779
2779 1384
1218 3068
1220 2472
1220 2670
1220 2672
1220 1721
1220 1629
2472 2473
2670 1721
2670 2473
2670 2671
2670 2672
2672 1721
2672 2473
1721 1393
1721 1959
1721 2473
1629 2473
1228 1317
1229 3098
1231 1390
1390 2173
1232 2211
1232 2926
1237 1553
1244 2944
1252 3117
1252 3118
1252 3119
3117 1571
3117 3118
3118 1571
3119 1571
1328 3162
1258 1689
2897 2896
1261 2480
1271 2601
1274 1739
1276 1291
1277 2725
1279 2627
1279 2628
2627 2628
2628 1890
1283 1370
1284 1312
1285 1523
1523 3169
1523 3170
1523 3171
1523 3172
1287 2058
1288 1648
2393 2392
2092 3222
1306 3180
1306 3181
3180 3181
1308 1769
1310 3125
3125 1851
1313 3246
1313 1462
3246 1462
1462 2039
1314 3094
3094 3095
1320 2629
1320 2159
2159 2894
2159 2895
1324 2817
1327 2164
2142 2971
1332 2777
1336 1681
1339 2758
1344 2118
1345 1892
1349 3129
1349 1749
3129 1910
1399 1587
2121 1747
2121 2390
1356 1762
1762 1441
2184 1813
1365 1504
1367 2947
1371 1962
1962 3031
1373 1885
1374 2078
1378 2907
2907 2038
2907 2289
1381 2553
1381 1846
1846 3247
3038 1624
1389 3043
1587 2147
1587 1989
1402 2243
2243 1737
1403 1978
1409 2738
2738 1448
2738 2737
3294 1813
2821 2125
1428 1884
1989 3027
1433 3065
1433 3064
3064 1524
1441 2669
1442 2437
2811 1837
1456 2188
1456 2694
2694 2695
1458 2972
1465 2832
2832 2833
1468 1867
1867 2357
1475 3264
1487 2138
1489 1805
1805 1649
1490 2033
2033 1732
2033 1743
2187 1838
1494 2239
1495 1929
1497 2336
1499 3135
3135 3136
1502 2201
1503 1674
1507 3001
1511 2502
2050 2587
2183 1580
2183 1640
2183 1923
1580 2880
1580 1640
1519 3226
3169 3172
3171 3172
3172 3173
1524 3032
1535 1763
1539 2653
2653 3291
1541 3100
1544 2895
1547 2432
1548 3268
1550 2036
1559 1593
1568 2766
1571 2055
1640 1923
1588 2468
1598 2285
2285 2248
1601 2700
1604 3104
1608 2192
1610 3022
1610 1744
1611 2071
1612 2307
2307 2175
1614 1975
1771 1778
1623 1938
1623 1627
1938 1627
1626 1897
1626 2856
1634 2208
1636 1876
1643 3325
1646 1898
1653 1714
2000 2635
1661 2272
1664 3092
1664 3297
3256 3281
1673 3112
1683 2448
1683 2449
1683 2450
1683 2451
1688 1914
1690 2221
2221 1859
1695 3090
1695 2037
3090 2037
3090 3091
1696 3114
1774 1711
1730 2516
1730 2795
1747 2390
1775 1873
1784 2231
1784 3205
3205 2029
1785 2346
1788 2251
1798 2526
1800 2847
1806 2865
3011 2949
1815 2885
1820 1954
1844 2460
2460 2395
2460 3142
2746 2012
2731 3232
1852 2018
1862 2582
1956 2759
1880 3150
1888 2093
2710 2048
1895 2383
1899 2798
1900 3111
1906 2127
1906 3155
2127 2841
1908 3301
1908 3302
3301 3302
1917 3282
1924 3147
1934 2265
1937 2069
1941 2998
1951 2988
1955 3097
1957 2171
1969 3307
1972 3245
1974 3313
3312 2022
3152 2541
3152 2549
1988 2408
2408 2263
2635 3024
2004 3143
2007 3269
2007 3270
2008 2818
2014 3088
2014 2172
2016 2569
2569 3250
2017 2410
2022 2273
2026 3279
2040 2957
2042 2303
2044 2518
2051 2465
2056 3243
2065 2686
2686 2685
2686 3132
2072 2943
2075 3077
2084 2197
2090 2949
2101 2229
2117 2892
2135 3113
2548 2549
2144 2250
2146 2500
2190 2207
2193 2742
2195 2566
2288 2541
2308 2698
2334 2333
2334 2538
2614 3292
2394 2395
2456 2457
2599 3300
2688 2689
2743 2744
2801 2802
2805 2908
2806 2807
2849 2850
2851 2852
2872 2873
2904 2905
2905 3175
2914 2915
2916 2917
2934 2935
2996 2997
3003 3004
3003 3005
3057 3058
3057 3059
3058 3059
3126 3127
3165 3166
3178 3179
3319 3320
3322 3323
